#ILow1,ILow2,Va,Vq,Ia_ref,hall_angle,angle,Iq_ref,Iq,angle_index,w_meas,
-2.048499345779419
-1.257699966430664
-2.425917387008667
6.220727920532227
-0.4529256224632263
2.879793405532837
2.879793405532837
1.75
1.1826632022857666
4.0
6.310675144195557
-2.068899393081665
-1.3213999271392822
-2.4714133739471436
6.366323471069336
-0.4529256224632263
2.879793405532837
2.879793405532837
1.75
1.2032707929611206
4.0
4.677866458892822
-2.155599355697632
-1.424299955368042
-2.4936790466308594
6.459830284118652
-0.4529256224632263
2.879793405532837
2.879793405532837
1.75
1.2618954181671143
4.0
3.467599868774414
-2.2014994621276855
-1.5516999959945679
-2.4699206352233887
6.555156707763672
-0.4529256224632263
2.879793405532837
2.879793405532837
1.75
1.3055146932601929
4.0
2.570528984069824
-2.186199426651001
-1.5468000173568726
-2.516071081161499
6.702092170715332
-0.4529256224632263
2.879793405532837
2.879793405532837
1.75
1.2974566221237183
4.0
1.9056044816970825
-2.2320995330810547
-1.6497000455856323
-2.4899322986602783
6.790998458862305
-0.4529256224632263
2.879793405532837
2.879793405532837
1.75
1.3368487358093262
4.0
1.4127506017684937
-2.293299436569214
-1.7280999422073364
-2.476621389389038
6.867591381072998
-0.4529256224632263
2.879793405532837
2.879793405532837
1.75
1.3792256116867065
4.0
1.0474387407302856
-2.2014994621276855
-1.7280999422073364
-2.45937180519104
7.037107467651367
-0.4529256224632263
2.879793405532837
2.879793405532837
1.75
1.3359512090682983
4.0
0.7766629457473755
-2.2014994621276855
-1.875100016593933
-2.346606731414795
7.131630897521973
-0.4529256224632263
2.879793405532837
2.879793405532837
1.75
1.361315131187439
4.0
0.5759592056274414
-2.1912994384765625
-1.8848999738693237
-2.3212952613830566
7.25534200668335
-0.4529256224632263
2.879793405532837
2.879793405532837
1.75
1.358197808265686
4.0
0.4271940588951111
-2.1708993911743164
-1.8260999917984009
-2.335538148880005
7.397875785827637
-0.4529256224632263
2.879793405532837
2.879793405532837
1.75
1.3384356498718262
4.0
0.3169267177581787
-2.165799379348755
-1.9241000413894653
-2.230645179748535
7.503517150878906
-0.4529256224632263
2.879793405532837
2.879793405532837
1.75
1.3529409170150757
4.0
0.23519466817378998
-2.1198995113372803
-1.9926999807357788
-2.12304949760437
7.63960599899292
-0.4529256224632263
2.879793405532837
2.879793405532837
1.75
1.3431400060653687
4.0
0.17461346089839935
-2.079099416732788
-1.973099946975708
-2.078094959259033
7.790951728820801
-0.4529256224632263
2.879793405532837
2.879793405532837
1.75
1.3205254077911377
4.0
0.12970960140228271
-2.0637993812561035
-1.9829000234603882
-2.009870767593384
7.9262776374816895
-0.4529256224632263
2.879793405532837
2.879793405532837
1.75
1.3150039911270142
4.0
0.09642605483531952
-2.068899393081665
-2.061300039291382
-1.8934314250946045
8.04443359375
-0.4529256224632263
2.879793405532837
2.879793405532837
1.75
1.3309354782104492
4.0
0.07175569981336594
-2.0025994777679443
-2.0269999504089355
-1.826877236366272
8.217890739440918
-0.4529256224632263
2.879793405532837
2.879793405532837
1.75
1.293763518333435
4.0
0.05346960201859474
-2.048499345779419
-2.080899953842163
-1.7256531715393066
8.318126678466797
-0.4529256224632263
2.879793405532837
2.879793405532837
1.75
1.3247007131576538
4.0
0.03991562873125076
-2.079099416732788
-2.1740000247955322
-1.580064296722412
8.411775588989258
-0.4529256224632263
2.879793405532837
2.879793405532837
1.75
1.355189323425293
4.0
0.029869187623262405
-2.079099416732788
-2.183799982070923
-1.477903962135315
8.527617454528809
-0.4529256224632263
2.879793405532837
2.879793405532837
1.75
1.3568803071975708
4.0
0.022422587499022484
-2.206599473953247
-2.291599988937378
-1.3450955152511597
8.546937942504883
-0.4529256224632263
2.879793405532837
2.879793405532837
1.75
1.435583472251892
4.0
0.016903037205338478
-2.3595993518829346
-2.4238998889923096
-1.1930053234100342
8.527473449707031
-0.4529256224632263
2.879793405532837
2.879793405532837
1.75
1.5305345058441162
4.0
0.012811851687729359
-2.451399326324463
-2.536600112915039
-1.0194404125213623
8.514488220214844
-0.4529256224632263
2.879793405532837
2.879793405532837
1.75
1.5932543277740479
4.0
0.009779393672943115
-2.6349995136260986
-2.6640000343322754
-0.8582727909088135
8.427159309387207
-0.4529256224632263
2.879793405532837
2.879793405532837
1.75
1.7017850875854492
4.0
0.007531682029366493
-2.7930994033813477
-2.6933999061584473
-0.7597650289535522
8.343121528625488
-0.4529256224632263
2.879793405532837
2.879793405532837
1.75
1.7813853025436401
4.0
0.005865637678653002
-2.864499568939209
-2.918800115585327
-0.4674084782600403
8.23733139038086
-0.4529256224632263
2.879793405532837
2.879793405532837
1.75
1.8539341688156128
4.0
0.004630736541002989
-3.0276994705200195
-3.036400079727173
-0.2709554433822632
8.082003593444824
-0.4529256224632263
2.879793405532837
2.879793405532837
1.75
1.9511572122573853
4.0
0.0037154066376388073
-3.16029953956604
-3.1393001079559326
1.1087932586669922
8.014578819274902
-0.2624446153640747
3.9269909858703613
2.9910542964935303
1.75
1.959820032119751
6.0
95.96407318115234
-3.2061994075775146
-2.992300033569336
2.35854172706604
8.036467552185059
-0.07142367213964462
3.9269909858703613
3.100767135620117
1.75
1.8873258829116821
6.0
165.7238311767578
-3.318399429321289
-2.703200101852417
3.4326672554016113
8.019488334655762
0.11498013138771057
3.9269909858703613
3.2073440551757812
1.75
1.8659765720367432
6.0
214.6979522705078
-3.2928993701934814
-2.335700035095215
4.403380393981934
8.072854995727539
0.29239144921302795
3.9269909858703613
3.3094637393951416
1.75
1.7976267337799072
6.0
247.131103515625
-3.2163994312286377
-1.8212000131607056
5.152542591094971
8.10573959350586
0.4575066566467285
3.9269909858703613
3.4061038494110107
1.75
1.7552471160888672
6.0
266.4279479980469
-3.139899492263794
-1.3360999822616577
5.779449939727783
8.101905822753906
0.6082026362419128
3.9269909858703613
3.4965455532073975
1.75
1.7539886236190796
6.0
275.3730773925781
-3.06339955329895
-0.8607999682426453
6.261855602264404
8.054731369018555
0.743409276008606
3.9269909858703613
3.58034610748291
1.75
1.7911098003387451
6.0
276.26873779296875
-2.8185994625091553
-0.4197999835014343
6.686993598937988
8.100030899047852
0.8630099892616272
3.9269909858703613
3.657299041748047
1.75
1.7409886121749878
6.0
271.0238952636719
-2.7012994289398193
-0.08659996837377548
7.029889106750488
8.068948745727539
0.9674915075302124
3.9269909858703613
3.727385997772217
1.75
1.7654399871826172
6.0
261.2149963378906
-2.548299551010132
0.026100030168890953
7.463970184326172
8.154216766357422
1.0578680038452148
3.9269909858703613
3.790731191635132
1.75
1.6960031986236572
6.0
248.13246154785156
-2.3289995193481445
0.22700002789497375
7.787631034851074
8.252090454101562
1.1353288888931274
3.9269909858703613
3.8475615978240967
1.75
1.625068187713623
6.0
232.82069396972656
-2.2524993419647217
0.4083000421524048
8.019441604614258
8.262251853942871
1.2012453079223633
3.9269909858703613
3.8981714248657227
1.75
1.6479153633117676
6.0
216.11154174804688
-2.1810994148254395
0.4573000371456146
8.299925804138184
8.33689022064209
1.2569429874420166
3.9269909858703613
3.942897319793701
1.75
1.617306113243103
6.0
198.65768432617188
-2.1402993202209473
0.7121000289916992
8.356310844421387
8.25991153717041
1.3036918640136719
3.9269909858703613
3.9820988178253174
1.75
1.7094486951828003
6.0
180.96206665039062
-2.186199426651001
0.8787000179290771
8.388007164001465
8.140579223632812
1.3426778316497803
3.9269909858703613
4.016143798828125
1.75
1.8180594444274902
6.0
163.40484619140625
-2.323899507522583
0.9718000292778015
8.3846435546875
7.962751865386963
1.374929666519165
3.9269909858703613
4.0453996658325195
1.75
1.947616696357727
6.0
146.2669677734375
-2.354499340057373
1.1531000137329102
8.646636009216309
7.803843975067139
1.5149797201156616
4.974188804626465
4.188171863555908
1.75
2.025329828262329
2.0
231.46910095214844
-2.1810994148254395
1.211899995803833
8.855216026306152
7.875102996826172
1.619943380355835
4.974188804626465
4.3244709968566895
1.75
1.8972119092941284
2.0
288.9986267089844
-1.8699994087219238
1.1629000902175903
9.032059669494629
8.163741111755371
1.691225290298462
4.974188804626465
4.452525615692139
1.75
1.629037618637085
2.0
324.5011291503906
-1.4262994527816772
1.133500099182129
9.129843711853027
8.567004203796387
1.7325448989868164
4.974188804626465
4.571163654327393
1.75
1.3347277641296387
2.0
342.6766052246094
-0.8754993677139282
1.0404000282287598
9.25775146484375
9.112889289855957
1.7490384578704834
4.974188804626465
4.679754257202148
1.75
1.0013843774795532
2.0
347.4742736816406
-0.4878993630409241
0.9473000168800354
9.313469886779785
9.633986473083496
1.746192216873169
4.974188804626465
4.778107166290283
1.75
0.7739399075508118
2.0
342.19903564453125
-0.2022993564605713
0.9375000596046448
9.260893821716309
10.073221206665039
1.7292652130126953
4.974188804626465
4.866359233856201
1.75
0.6663169264793396
2.0
329.58099365234375
0.06290065497159958
1.006100058555603
9.134757041931152
10.4412841796875
1.7029143571853638
4.974188804626465
4.944870471954346
1.75
0.640650749206543
2.0
311.8340759277344
0.09860065579414368
1.045300006866455
8.940013885498047
10.771096229553223
1.6709007024765015
4.974188804626465
5.014139175415039
1.75
0.6509052515029907
2.0
290.7173767089844
0.20570066571235657
1.197200059890747
8.673101425170898
11.009819984436035
1.6363365650177002
4.974188804626465
5.074737548828125
1.75
0.7242774367332458
2.0
267.5975036621094
0.3179006576538086
1.4275000095367432
8.34231948852539
11.16714859008789
1.6015205383300781
4.974188804626465
5.127267837524414
1.75
0.8479263186454773
2.0
243.51275634765625
0.2669006586074829
1.5647000074386597
8.019710540771484
11.351919174194336
1.5681055784225464
4.974188804626465
5.172333717346191
1.75
0.9233920574188232
2.0
219.23316955566406
0.2873006761074066
1.897900104522705
7.551956653594971
11.366247177124023
1.5373053550720215
4.974188804626465
5.210522174835205
1.75
1.106609582901001
2.0
195.31549072265625
0.3026006519794464
2.41729998588562
6.900532245635986
11.204877853393555
1.5098896026611328
4.974188804626465
5.242395401000977
1.75
1.3917138576507568
2.0
172.15023803710938
0.20060065388679504
2.7260000705718994
5.849259853363037
11.162144660949707
1.4464914798736572
6.02138614654541
5.310183048248291
1.75
1.512060284614563
3.0
189.6135711669922
0.3026006519794464
2.931800127029419
3.8702547550201416
11.257702827453613
1.290998101234436
6.02138614654541
5.453489303588867
1.75
1.4854165315628052
3.0
263.979248046875
0.7412006855010986
2.7897000312805176
2.214184522628784
11.489995956420898
1.1228547096252441
6.02138614654541
5.586551189422607
1.75
1.3630023002624512
3.0
310.23919677734375
1.235900640487671
2.294800043106079
0.9584802389144897
11.810540199279785
0.951340913772583
6.02138614654541
5.708430767059326
1.75
1.2066091299057007
3.0
334.87042236328125
1.6745007038116455
1.7312999963760376
-0.056369855999946594
12.075289726257324
0.7838051319122314
6.02138614654541
5.818778038024902
1.75
1.1313276290893555
3.0
343.1775207519531
2.1947007179260254
1.1629000902175903
-0.7835254073143005
12.184697151184082
0.6254732608795166
6.02138614654541
5.917684078216553
1.75
1.1990153789520264
3.0
339.4706115722656
2.4497008323669434
0.6190000176429749
-1.3575890064239502
12.295408248901367
0.47965362668037415
6.02138614654541
6.005539417266846
1.75
1.2494428157806396
3.0
327.1998596191406
2.674100637435913
0.2613000273704529
-1.8530972003936768
12.293085098266602
0.34812653064727783
6.02138614654541
6.082916736602783
1.75
1.370344877243042
3.0
309.0786437988281
2.9138007164001465
0.21720002591609955
-2.390181064605713
12.178452491760254
0.23154179751873016
6.02138614654541
6.150485515594482
1.75
1.5581250190734863
3.0
287.1990661621094
3.026000738143921
0.153500035405159
-2.8152523040771484
12.092705726623535
0.12979240715503693
6.02138614654541
6.208950042724609
1.75
1.6750242710113525
3.0
263.1419372558594
3.2198007106781006
0.2564000189304352
-3.222433567047119
11.907761573791504
0.04229777678847313
6.02138614654541
6.2590131759643555
1.75
1.8365960121154785
3.0
238.07611083984375
3.566600799560547
0.5063000321388245
-4.167391300201416
11.543322563171387
-0.10433939099311829
0.785398006439209
0.05965840443968773
1.75
2.1062545776367188
1.0
252.26388549804688
3.755300760269165
0.5063000321388245
-5.961679458618164
11.173666954040527
-0.37711742520332336
0.785398006439209
0.21720287203788757
1.75
2.314161777496338
1.0
322.6746520996094
3.694100856781006
0.3152000308036804
-7.442424774169922
10.947184562683105
-0.6215484738349915
0.785398006439209
0.36310338973999023
1.75
2.3564059734344482
1.0
364.79119873046875
3.5921008586883545
0.10940003395080566
-8.626280784606934
10.756671905517578
-0.8332362771034241
0.785398006439209
0.49626433849334717
1.75
2.3590688705444336
1.0
385.0062561035156
3.143300771713257
-0.18949997425079346
-9.595381736755371
10.816372871398926
-1.0115535259246826
0.785398006439209
0.6163224577903748
1.75
2.159529209136963
1.0
388.6863098144531
2.612900733947754
-0.45899996161460876
-10.400720596313477
10.999398231506348
-1.1584516763687134
0.785398006439209
0.7234503030776978
1.75
1.9098201990127563
1.0
380.2675476074219
2.123300790786743
-0.5618999600410461
-11.159073829650879
11.308094024658203
-1.277297019958496
0.785398006439209
0.8181701302528381
1.75
1.6279540061950684
1.0
363.33648681640625
1.6286007165908813
-0.7186999917030334
-11.760740280151367
11.649192810058594
-1.372105360031128
0.785398006439209
0.901203989982605
1.75
1.384894847869873
1.0
340.7214660644531
1.3124006986618042
-0.9343000054359436
-12.161699295043945
11.867831230163574
-1.4468482732772827
0.785398006439209
0.9733662009239197
1.75
1.3028749227523804
1.0
314.5968322753906
1.2818007469177246
-0.9882000088691711
-12.486175537109375
11.998883247375488
-1.5051721334457397
0.785398006439209
1.0354924201965332
1.75
1.3116179704666138
1.0
286.5915832519531
1.3685007095336914
-1.2675000429153442
-12.50655460357666
11.875320434570312
-1.550274133682251
0.785398006439209
1.0883986949920654
1.75
1.5191930532455444
1.0
257.89556884765625
1.5929007530212402
-1.4635000228881836
-12.55352783203125
11.679292678833008
-1.6412842273712158
1.8325963020324707
1.2164820432662964
1.75
1.7321081161499023
5.0
305.0055847167969
1.7408007383346558
-1.5565999746322632
-12.391079902648926
11.6148042678833
-1.7164900302886963
1.8325963020324707
1.374796986579895
1.75
1.7827481031417847
5.0
362.3915710449219
1.3634006977081299
-1.5125000476837158
-12.216435432434082
11.956583023071289
-1.7476868629455566
1.8325963020324707
1.519585132598877
1.75
1.5011601448059082
5.0
393.2395935058594
0.7769007086753845
-1.3752999305725098
-12.02016544342041
12.488302230834961
-1.744446039199829
1.8325963020324707
1.650253415107727
1.75
1.1365001201629639
5.0
403.9206848144531
0.3383006751537323
-1.1058000326156616
-11.820469856262207
13.110824584960938
-1.716461420059204
1.8325963020324707
1.7668824195861816
1.75
0.7956233024597168
5.0
399.73394775390625
-0.05439934879541397
-1.027400016784668
-11.45570182800293
13.592577934265137
-1.6722216606140137
1.8325963020324707
1.8699977397918701
1.75
0.6464218497276306
5.0
384.9866027832031
-0.2736993730068207
-1.1008999347686768
-10.916009902954102
13.922067642211914
-1.6188446283340454
1.8325963020324707
1.960379958152771
1.75
0.654548168182373
5.0
363.0885009765625
-0.26349934935569763
-1.2527999877929688
-10.23497486114502
14.160331726074219
-1.5617074966430664
1.8325963020324707
2.038928270339966
1.75
0.7355974912643433
5.0
336.66693115234375
-0.21759936213493347
-1.615399956703186
-9.358330726623535
14.229697227478027
-1.504753589630127
1.8325963020324707
2.1065704822540283
1.75
0.9277772307395935
5.0
307.6925048828125
-0.26349934935569763
-2.169100046157837
-7.203800678253174
14.194494247436523
-1.3644012212753296
2.879793405532837
2.247462272644043
1.75
1.1542209386825562
4.0
352.92388916015625
-0.294099360704422
-2.4091999530792236
-4.486563205718994
14.410207748413086
-1.1594371795654297
2.879793405532837
2.417393207550049
1.75
1.1263539791107178
4.0
407.9096374511719
-0.6204993724822998
-2.3650999069213867
-2.0280728340148926
14.70977783203125
-0.9427796602249146
2.879793405532837
2.5726511478424072
1.75
1.0398144721984863
4.0
435.9859313964844
-1.1100994348526
-1.9142999649047852
-0.07684609293937683
15.032651901245117
-0.7280290126800537
2.879793405532837
2.712531089782715
1.75
0.959800124168396
4.0
443.5268249511719
-1.5282994508743286
-1.3115999698638916
1.4930554628372192
15.289773941040039
-0.5246149301528931
2.879793405532837
2.837127208709717
1.75
0.9511817693710327
4.0
435.93994140625
-1.9974994659423828
-0.7432000041007996
2.716487407684326
15.353229522705078
-0.33830028772354126
2.879793405532837
2.947051763534546
1.75
1.0985573530197144
4.0
417.6756591796875
-2.4003994464874268
-0.4197999835014343
3.817251682281494
15.270957946777344
-0.1719028353691101
2.879793405532837
3.043203830718994
1.75
1.3280612230300903
4.0
392.2765197753906
-2.7216994762420654
-0.29729998111724854
4.815268516540527
15.111161231994629
-0.026225591078400612
2.879793405532837
3.126605987548828
1.75
1.5605515241622925
4.0
362.4721374511719
-3.1653995513916016
-0.45409998297691345
5.752827167510986
14.783326148986816
0.09918318688869476
2.879793405532837
3.1983001232147217
1.75
1.8672171831130981
4.0
330.3008728027344
-3.6396994590759277
-0.6598999500274658
6.534371852874756
14.359003067016602
0.20548899471759796
2.879793405532837
3.2592885494232178
1.75
2.1776084899902344
4.0
297.2384948730469
-3.9609994888305664
-0.8460999727249146
8.495277404785156
13.940872192382812
0.4389050304889679
3.9269909858703613
3.395106554031372
1.75
2.4034249782562256
6.0
340.8507080078125
-4.093599319458008
-0.7578999996185303
10.581110000610352
13.605924606323242
0.7102203369140625
3.9269909858703613
3.559492588043213
1.75
2.508767604827881
6.0
394.15521240234375
-3.9048995971679688
-0.4148999750614166
12.121134757995605
13.44709300994873
0.9395308494567871
3.9269909858703613
3.7083282470703125
1.75
2.4523162841796875
6.0
420.2398681640625
-3.435699462890625
-0.07189997285604477
13.317748069763184
13.514561653137207
1.1271363496780396
3.9269909858703613
3.841411590576172
1.75
2.2241177558898926
6.0
425.989501953125
-2.905299425125122
0.3152000308036804
14.148016929626465
13.637165069580078
1.276616096496582
3.9269909858703613
3.9591948986053467
1.75
2.007016658782959
6.0
417.0665588378906
-2.609499454498291
0.6190000176429749
14.6673002243042
13.652158737182617
1.3932780027389526
3.9269909858703613
4.062517166137695
1.75
1.9326879978179932
6.0
397.9968566894531
-2.471799373626709
1.0698000192642212
14.766660690307617
13.438908576965332
1.4826833009719849
3.9269909858703613
4.152402877807617
1.75
2.0603549480438232
6.0
372.2918701171875
-2.5278995037078857
1.3834000825881958
14.781330108642578
13.1715726852417
1.6118665933609009
4.974188804626465
4.312446594238281
1.75
2.193852424621582
2.0
417.2597351074219
-2.4156994819641113
1.5255000591278076
14.441291809082031
13.17435073852539
1.7105776071548462
4.974188804626465
4.499804973602295
1.75
2.0754425525665283
2.0
470.60235595703125
-1.7475993633270264
1.3981000185012817
14.032304763793945
13.72585678100586
1.7484612464904785
4.974188804626465
4.670877933502197
1.75
1.5551389455795288
2.0
496.0633239746094
-0.8754993677139282
1.0649000406265259
13.621048927307129
14.560314178466797
1.7389498949050903
4.974188804626465
4.824738502502441
1.75
0.9387719631195068
2.0
500.08123779296875
-0.2226993590593338
0.7415000200271606
13.068221092224121
15.342245101928711
1.6959642171859741
4.974188804626465
4.961477279663086
1.75
0.5193145871162415
2.0
488.2991638183594
0.1598006635904312
0.7072000503540039
12.200904846191406
15.843738555908203
1.6319143772125244
4.974188804626465
5.081830978393555
1.75
0.4232954978942871
2.0
465.450927734375
0.3230006694793701
0.9375000596046448
11.054936408996582
16.101037979125977
1.5566422939300537
4.974188804626465
5.1868815422058105
1.75
0.5453738570213318
2.0
435.3370666503906
0.2975006699562073
1.2412999868392944
9.787067413330078
16.275503158569336
1.477596640586853
4.974188804626465
5.277842998504639
1.75
0.7070192098617554
2.0
400.8861389160156
0.14450065791606903
1.8930000066757202
8.170761108398438
16.196264266967773
1.399930715560913
4.974188804626465
5.355931758880615
1.75
1.0210766792297363
2.0
364.2693786621094
0.14960065484046936
2.5104000568389893
4.365490436553955
16.244691848754883
1.1735074520111084
6.02138614654541
5.548194408416748
1.75
1.1529093980789185
3.0
435.5464782714844
0.36380067467689514
2.3781001567840576
1.1069905757904053
16.674991607666016
0.9288808703422546
6.02138614654541
5.723642826080322
1.75
0.9551514983177185
3.0
473.8429260253906
0.9095006585121155
1.804800033569336
-1.479636788368225
17.07094383239746
0.6844974756240845
6.02138614654541
5.881308078765869
1.75
0.8352981209754944
3.0
486.88250732421875
1.5317007303237915
1.1776000261306763
-3.576611042022705
17.24396514892578
0.4530676305294037
6.02138614654541
6.021302223205566
1.75
0.9252281785011292
3.0
481.31414794921875
2.092700719833374
0.6092000603675842
-5.25505256652832
17.213815689086914
0.24206265807151794
6.02138614654541
6.144416809082031
1.75
1.1562761068344116
3.0
462.64556884765625
2.771000862121582
0.46710002422332764
-6.775773525238037
16.865970611572266
0.05491863936185837
6.02138614654541
6.251797676086426
1.75
1.5798060894012451
3.0
435.2598571777344
3.530900716781616
0.5896000266075134
-9.577729225158691
16.233301162719727
-0.251659631729126
0.785398006439209
0.14430780708789825
1.75
2.130078077316284
1.0
477.40740966796875
3.862400770187378
0.35440003871917725
-12.356674194335938
15.7070894241333
-0.5926734209060669
0.785398006439209
0.3455071449279785
1.75
2.4541659355163574
1.0
527.0855712890625
3.765500783920288
-0.05719996988773346
-14.386605262756348
15.386734962463379
-0.8822113275527954
0.785398006439209
0.5283659100532532
1.75
2.5295190811157227
1.0
548.0570678710938
3.3269007205963135
-0.43939998745918274
-15.854546546936035
15.339330673217773
-1.1166707277297974
0.785398006439209
0.6920398473739624
1.75
2.373424768447876
1.0
547.0493774414062
2.5772006511688232
-0.9097999930381775
-16.808433532714844
15.512921333312988
-1.2994190454483032
0.785398006439209
0.8368454575538635
1.75
2.084873676300049
1.0
530.0407104492188
1.939700722694397
-1.3115999698638916
-17.339229583740234
15.659379959106445
-1.437355637550354
0.785398006439209
0.9637937545776367
1.75
1.888020634651184
1.0
502.05328369140625
1.7357007265090942
-1.6202999353408813
-17.4512996673584
15.564157485961914
-1.5386099815368652
0.785398006439209
1.074227213859558
1.75
1.9358043670654297
1.0
467.08984375
1.7408007383346558
-1.9681999683380127
-17.15895652770996
15.267931938171387
-1.6384539604187012
1.8325963020324707
1.2118644714355469
1.75
2.124821424484253
5.0
468.3630676269531
1.6541006565093994
-2.095599889755249
-16.355024337768555
15.203656196594238
-1.7294607162475586
1.8325963020324707
1.4175574779510498
1.75
2.0713329315185547
5.0
524.23974609375
1.0370006561279297
-1.8015999794006348
-15.476766586303711
15.781974792480469
-1.7490081787109375
1.8325963020324707
1.6039947271347046
1.75
1.5259846448898315
5.0
549.0181884765625
0.1394006609916687
-1.38510000705719
-14.547536849975586
16.59447479248047
-1.715208649635315
1.8325963020324707
1.7704576253890991
1.75
0.9346227049827576
5.0
550.1538696289062
-0.406299352645874
-1.1155999898910522
-13.331663131713867
17.203144073486328
-1.6458985805511475
1.8325963020324707
1.9174154996871948
1.75
0.6518039107322693
5.0
534.1876220703125
-0.6153993606567383
-1.0910999774932861
-11.8291654586792
17.572912216186523
-1.5560574531555176
1.8325963020324707
2.046022891998291
1.75
0.6269489526748657
5.0
506.5497741699219
-0.7071993947029114
-1.3508000373840332
-10.107258796691895
17.72649383544922
-1.4570996761322021
1.8325963020324707
2.1577398777008057
1.75
0.7796542644500732
5.0
471.5236511230469
-0.6816993951797485
-1.8309999704360962
-5.816159248352051
17.77989387512207
-1.2085636854171753
2.879793405532837
2.379256010055542
1.75
0.9707168340682983
4.0
540.24072265625
-0.8244993686676025
-1.865299940109253
-1.779990792274475
18.07754135131836
-0.9297177791595459
2.879793405532837
2.581486225128174
1.75
0.9179193377494812
4.0
574.4918212890625
-1.3191994428634644
-1.3703999519348145
1.4809051752090454
18.37943458557129
-0.6469300985336304
2.879793405532837
2.7629306316375732
1.75
0.8828554749488831
4.0
581.9380493164062
-1.7475993633270264
-0.708899974822998
4.135021686553955
18.554338455200195
-0.37838971614837646
2.879793405532837
2.9236457347869873
1.75
0.9613244533538818
4.0
569.5880737304688
-2.058699369430542
-0.10129997134208679
6.302722454071045
18.574533462524414
-0.13452032208442688
2.879793405532837
3.0646469593048096
1.75
1.1374975442886353
4.0
543.4541015625
-2.4666993618011475
-0.09639997035264969
8.388843536376953
18.362092971801758
0.08017315715551376
2.879793405532837
3.187422752380371
1.75
1.4573581218719482
4.0
508.3924865722656
-3.053199529647827
-0.253199964761734
10.11766242980957
17.934988021850586
0.2649981379508972
2.879793405532837
3.2936079502105713
1.75
1.8709579706192017
4.0
468.1243896484375
-3.4866995811462402
-0.43449997901916504
12.309844017028809
17.511730194091797
0.49378687143325806
3.9269909858703613
3.4276463985443115
1.75
2.177422285079956
6.0
466.07769775390625
-3.6396994590759277
-0.43939998745918274
15.284088134765625
17.233388900756836
0.8202548027038574
3.9269909858703613
3.6294379234313965
1.75
2.287578821182251
6.0
519.143310546875
-3.394899368286133
-0.1159999743103981
17.313535690307617
17.184967041015625
1.0851805210113525
3.9269909858703613
3.8104817867279053
1.75
2.1914234161376953
6.0
540.5679321289062
-2.864499568939209
0.37400004267692566
18.569746017456055
17.27876091003418
1.29046630859375
3.9269909858703613
3.970839738845825
1.75
2.0049846172332764
6.0
538.6165771484375
-2.5278995037078857
0.8738000392913818
19.138872146606445
17.209514617919922
1.443480372428894
3.9269909858703613
4.1115264892578125
1.75
2.0006659030914307
6.0
520.2271118164062
-2.650299549102783
1.4373000860214233
19.017807006835938
16.735225677490234
1.5856232643127441
4.974188804626465
4.275534152984619
1.75
2.3160321712493896
2.0
530.3712158203125
-2.548299551010132
1.7754000425338745
18.243793487548828
16.575180053710938
1.7123703956604004
4.974188804626465
4.504662990570068
1.75
2.292742967605591
2.0
590.3994750976562
-1.8546993732452393
1.6529000997543335
17.113454818725586
17.120874404907227
1.7499922513961792
4.974188804626465
4.713108539581299
1.75
1.7193890810012817
2.0
617.0056762695312
-0.7785993814468384
1.1188000440597534
15.978778839111328
18.1551570892334
1.7194262742996216
4.974188804626465
4.899514675140381
1.75
0.9042086601257324
2.0
617.7079467773438
0.10880065709352493
0.8052000403404236
14.493433952331543
18.939794540405273
1.6428074836730957
4.974188804626465
5.0641632080078125
1.75
0.4915178716182709
2.0
599.47705078125
0.4454006552696228
0.8542000651359558
12.53671932220459
19.334102630615234
1.539158582687378
4.974188804626465
5.208301067352295
1.75
0.49263688921928406
2.0
568.30126953125
0.47600066661834717
1.25600004196167
10.21729850769043
19.45071029663086
1.4230141639709473
4.974188804626465
5.333615303039551
1.75
0.7118092179298401
2.0
528.989501953125
0.24140065908432007
2.0302000045776367
6.606858730316162
19.388736724853516
1.2536190748214722
6.02138614654541
5.484617710113525
1.75
1.0091627836227417
3.0
525.7772827148438
0.3026006519794464
2.3633999824523926
1.5001741647720337
19.672630310058594
0.9610306024551392
6.02138614654541
5.701814651489258
1.75
0.9558665156364441
3.0
576.6600341796875
0.7514006495475769
1.8440001010894775
-2.59130859375
20.15406036376953
0.6593159437179565
6.02138614654541
5.896890640258789
1.75
0.7706359624862671
3.0
595.2755737304688
1.4603006839752197
1.045300006866455
-5.7815680503845215
20.341060638427734
0.3707384467124939
6.02138614654541
6.069713592529297
1.75
0.8684625029563904
3.0
589.8890380859375
2.3120007514953613
0.5945000648498535
-8.46717643737793
20.070232391357422
0.10816920548677444
6.02138614654541
6.221334934234619
1.75
1.3091400861740112
3.0
567.6353149414062
3.1382007598876953
0.5210000276565552
-11.643320083618164
19.4947452545166
-0.19548781216144562
0.785398006439209
0.11194188892841339
1.75
1.8785400390625
1.0
573.9471435546875
3.745100736618042
0.4573000371456146
-15.682168960571289
18.8529109954834
-0.5997764468193054
0.785398006439209
0.3498275876045227
1.75
2.3545992374420166
1.0
630.2213745117188
3.745100736618042
0.016300030052661896
-18.436260223388672
18.49474334716797
-0.9376332759857178
0.785398006439209
0.5654470324516296
1.75
2.4887123107910156
1.0
652.6820678710938
3.046400785446167
-0.5521000027656555
-20.21370506286621
18.581274032592773
-1.20257568359375
0.785398006439209
0.7576224207878113
1.75
2.2284743785858154
1.0
649.1041870117188
2.398700714111328
-1.1891000270843506
-21.018903732299805
18.58816146850586
-1.3995624780654907
0.785398006439209
0.9269036054611206
1.75
2.104794502258301
1.0
626.7257080078125
2.1080007553100586
-1.7182999849319458
-21.06672477722168
18.35776710510254
-1.53909432888031
0.785398006439209
1.0748075246810913
1.75
2.2046473026275635
1.0
591.732666015625
2.102900743484497
-2.2279000282287598
-20.234848022460938
17.917211532592773
-1.6801162958145142
1.8325963020324707
1.2872638702392578
1.75
2.438572883605957
5.0
625.056396484375
1.7000007629394531
-2.1642000675201416
-18.72185516357422
18.167245864868164
-1.7477506399154663
1.8325963020324707
1.5202447175979614
1.75
2.056478977203369
5.0
663.8289794921875
0.618800699710846
-1.6349999904632568
-17.086713790893555
19.112642288208008
-1.72806978225708
1.8325963020324707
1.7292369604110718
1.75
1.2236543893814087
5.0
671.8541259765625
-0.39609935879707336
-1.2430000305175781
-15.097928047180176
19.899843215942383
-1.6478809118270874
1.8325963020324707
1.9140994548797607
1.75
0.7329584360122681
5.0
657.0016479492188
-0.8142994046211243
-1.0764000415802002
-12.711309432983398
20.36455726623535
-1.531297206878662
1.8325963020324707
2.0760817527770996
1.75
0.6179781556129456
5.0
626.2883911132812
-0.8805993795394897
-1.3557000160217285
-9.019439697265625
20.495059967041016
-1.351370096206665
2.879793405532837
2.259269952774048
1.75
0.7942785620689392
4.0
625.540771484375
-0.9774993658065796
-1.7280999422073364
-3.2694461345672607
20.58988380432129
-1.0396206378936768
2.879793405532837
2.5054774284362793
1.75
0.944811224937439
4.0
675.5990600585938
-1.3344993591308594
-1.3948999643325806
1.6663135290145874
20.898921966552734
-0.7043538093566895
2.879793405532837
2.727353811264038
1.75
0.9005460739135742
4.0
691.6787109375
-1.7781994342803955
-0.4834999740123749
5.480113983154297
21.113487243652344
-0.3774970769882202
2.879793405532837
2.9241678714752197
1.75
0.9441288709640503
4.0
681.9844360351562
-2.155599355697632
-0.027799971401691437
8.835371017456055
21.030506134033203
-0.07812860608100891
2.879793405532837
3.0969321727752686
1.75
1.212021827697754
4.0
654.0838012695312
-2.6247994899749756
0.0065000299364328384
11.733336448669434
20.715370178222656
0.1850709319114685
2.879793405532837
3.2475476264953613
1.75
1.5998904705047607
4.0
614.3380737304688
-3.1449995040893555
-0.14049997925758362
14.126410484313965
20.27280616760254
0.4102189540863037
2.879793405532837
3.378208875656128
1.75
1.988930583000183
4.0
567.7073974609375
-3.476499557495117
-0.3756999671459198
17.589200973510742
19.927288055419922
0.7365787029266357
3.9269909858703613
3.576040744781494
1.75
2.202998399734497
6.0
594.6807861328125
-3.3234994411468506
-0.1306999772787094
20.442293167114258
19.851980209350586
1.061251163482666
3.9269909858703613
3.7931597232818604
1.75
2.1446950435638428
6.0
627.6014404296875
-2.8185994625091553
0.4230000376701355
22.019622802734375
19.913267135620117
1.3077139854431152
3.9269909858703613
3.9855446815490723
1.75
1.9941725730895996
6.0
630.6761474609375
-2.6859993934631348
1.0992000102996826
22.4046630859375
19.59185028076172
1.484447956085205
3.9269909858703613
4.154306411743164
1.75
2.2022814750671387
6.0
612.6087646484375
-2.915499448776245
1.721500039100647
21.734880447387695
19.006942749023438
1.656774640083313
4.974188804626465
4.384558200836182
1.75
2.548577308654785
2.0
655.8143920898438
-2.471799373626709
1.8930000066757202
20.095014572143555
19.18746566772461
1.744596242904663
4.974188804626465
4.634010314941406
1.75
2.1912293434143066
2.0
700.8160400390625
-1.3038994073867798
1.4226000308990479
18.205907821655273
20.216167449951172
1.731428623199463
4.974188804626465
4.85814905166626
1.75
1.2590162754058838
2.0
712.304931640625
0.5933007001876831
0.8787000179290771
16.300708770751953
21.347402572631836
1.6473913192749023
4.974188804626465
5.056519031524658
1.75
0.48084720969200134
2.0
698.604248046875
0.5984006524085999
0.9228000640869141
13.235544204711914
21.678606033325195
1.5204052925109863
4.974188804626465
5.23038387298584
1.75
0.5322518348693848
2.0
667.3452758789062
0.5321006774902344
1.402999997138977
9.798638343811035
21.73747444152832
1.3722654581069946
4.974188804626465
5.381834030151367
1.75
0.7849955558776855
2.0
624.8844604492188
0.32810065150260925
2.142899990081787
4.021633625030518
21.772611618041992
1.1071678400039673
6.02138614654541
5.598183631896973
1.75
0.9813313484191895
3.0
653.0043334960938
0.13430064916610718
2.1135001182556152
-2.1639623641967773
22.363828659057617
0.7616138458251953
6.02138614654541
5.832908630371094
1.75
0.6635339856147766
3.0
685.9990844726562
1.1186007261276245
1.2412999868392944
-6.655259609222412
22.607465744018555
0.41874319314956665
6.02138614654541
6.041555404663086
1.75
0.7358459234237671
3.0
687.958740234375
1.9193006753921509
0.6631000638008118
-10.4839506149292
22.4749698638916
0.10189691185951233
6.02138614654541
6.2249250411987305
1.75
1.0947014093399048
3.0
667.63623046875
2.9138007164001465
0.6190000176429749
-15.558406829833984
21.854982376098633
-0.3212849199771881
0.785398006439209
0.1846393346786499
1.75
1.7562378644943237
1.0
707.4730834960938
3.3371007442474365
0.3005000352859497
-20.026527404785156
21.379722595214844
-0.7541520595550537
0.785398006439209
0.44554632902145386
1.75
2.1315927505493164
1.0
748.9658203125
3.066800832748413
-0.30709996819496155
-22.8149471282959
21.225820541381836
-1.1002135276794434
0.785398006439209
0.6798866391181946
1.75
2.1482927799224854
1.0
756.7691040039062
2.408900737762451
-0.9685999751091003
-24.2315673828125
21.287660598754883
-1.3566956520080566
0.785398006439209
0.8871372938156128
1.75
2.0015616416931152
1.0
739.1978149414062
1.9193006753921509
-1.698699951171875
-24.38449478149414
21.10651397705078
-1.5339937210083008
0.785398006439209
1.0686945915222168
1.75
2.086778163909912
1.0
704.048828125
2.0162007808685303
-2.2279000282287598
-23.223369598388672
20.623815536499023
-1.6912469863891602
1.8325963020324707
1.310980200767517
1.75
2.38395094871521
5.0
733.974365234375
1.5317007303237915
-2.188699960708618
-20.937183380126953
20.930038452148438
-1.7499942779541016
1.8325963020324707
1.5702577829360962
1.75
1.970170021057129
5.0
767.172607421875
0.2312006652355194
-1.5810999870300293
-18.412464141845703
21.98642349243164
-1.7035036087036133
1.8325963020324707
1.8017815351486206
1.75
1.0705211162567139
5.0
767.8197631835938
-0.6714993715286255
-1.194000005722046
-15.293158531188965
22.693729400634766
-1.5870251655578613
1.8325963020324707
2.0057530403137207
1.75
0.6822402477264404
5.0
744.5567626953125
-1.0233993530273438
-1.0616999864578247
-11.793732643127441
23.081096649169922
-1.431117057800293
1.8325963020324707
2.184044599533081
1.75
0.6399081945419312
5.0
705.2073364257812
-1.0845993757247925
-1.2870999574661255
-4.742408275604248
23.214609146118164
-1.0957801342010498
2.879793405532837
2.4649672508239746
1.75
0.7991421818733215
4.0
764.5537719726562
-1.477299451828003
-1.1008999347686768
1.7208205461502075
23.407886505126953
-0.7181795835494995
2.879793405532837
2.7187044620513916
1.75
0.8768777847290039
4.0
785.0316162109375
-1.798599362373352
-0.22379997372627258
6.863960266113281
23.614063262939453
-0.34389737248420715
2.879793405532837
2.943791151046753
1.75
0.9296693801879883
4.0
775.4970703125
-2.0535993576049805
0.12900003790855408
11.360776901245117
23.54527473449707
-0.0005131554789841175
2.879793405532837
3.1412994861602783
1.75
1.1854181289672852
4.0
744.677490234375
-2.4768993854522705
0.1437000334262848
15.07667350769043
23.248672485351562
0.2995193600654602
2.879793405532837
3.313593626022339
1.75
1.5666424036026
4.0
700.1351318359375
-2.8389995098114014
-0.07189997285604477
18.144563674926758
22.96215057373047
0.5535691380500793
2.879793405532837
3.4634506702423096
1.75
1.8390945196151733
4.0
647.8182983398438
-2.9868993759155273
-0.1061999723315239
22.493831634521484
22.786598205566406
0.9552434086799622
3.9269909858703613
3.7190024852752686
1.75
1.9497302770614624
6.0
700.0840454101562
-2.6910994052886963
0.2907000184059143
24.982866287231445
22.829612731933594
1.2611545324325562
3.9269909858703613
3.9463653564453125
1.75
1.863246202468872
6.0
714.5006713867188
-2.364699363708496
1.0110000371932983
25.792625427246094
22.669017791748047
1.4769222736358643
3.9269909858703613
4.14622163772583
1.75
1.9663807153701782
6.0
701.489990234375
-2.5278995037078857
1.6578000783920288
25.101816177368164
22.18526268005371
1.6674273014068604
4.974188804626465
4.4039998054504395
1.75
2.2989108562469482
2.0
745.3802490234375
-2.2218995094299316
1.829300045967102
22.82918357849121
22.364023208618164
1.74893319606781
4.974188804626465
4.677793025970459
1.75
2.003343105316162
2.0
788.1355590820312
-0.7836993932723999
1.407900094985962
20.114736557006836
23.460851669311523
1.711384892463684
4.974188804626465
4.9228081703186035
1.75
1.0788516998291016
2.0
794.9710693359375
0.2975006699562073
0.9130000472068787
16.829755783081055
24.36919593811035
1.5932198762893677
4.974188804626465
5.1388773918151855
1.75
0.5349074006080627
2.0
775.08984375
0.5474006533622742
0.8934000134468079
12.805628776550293
24.776254653930664
1.4288609027862549
4.974188804626465
5.3278632164001465
1.75
0.5197834372520447
2.0
737.037841796875
0.4811006784439087
1.3687000274658203
8.348450660705566
24.888078689575195
1.243941068649292
4.974188804626465
5.492498397827148
1.75
0.729973554611206
2.0
687.884033203125
0.41990065574645996
1.7656000852584839
0.43981578946113586
25.194669723510742
0.8716643452644348
6.02138614654541
5.761775493621826
1.75
0.7267842888832092
3.0
741.6148071289062
1.1951006650924683
1.3687000274658203
-6.027415752410889
25.43408966064453
0.48539042472839355
6.02138614654541
6.002132415771484
1.75
0.805508553981781
3.0
756.4725341796875
1.3226007223129272
0.7366000413894653
-11.525237083435059
25.81220245361328
0.12136536091566086
6.02138614654541
6.2137770652771
1.75
0.7652337551116943
3.0
742.744140625
2.271200656890869
0.6680000424385071
-17.8824520111084
25.392425537109375
-0.33488938212394714
0.785398006439209
0.19255614280700684
1.75
1.3466778993606567
1.0
779.2888793945312
2.684300661087036
0.4426000416278839
-23.392778396606445
25.12879180908203
-0.7888063788414001
0.785398006439209
0.46760499477386475
1.75
1.6537163257598877
1.0
814.3594360351562
2.5211007595062256
-0.2825999855995178
-26.64258575439453
25.002290725708008
-1.1461694240570068
0.785398006439209
0.7141319513320923
1.75
1.77369225025177
1.0
815.715087890625
2.1386008262634277
-0.8607999682426453
-28.235546112060547
24.998306274414062
-1.4046529531478882
0.785398006439209
0.9317468404769897
1.75
1.7692328691482544
1.0
791.7978515625
1.9550007581710815
-1.615399956703186
-28.206512451171875
24.655841827392578
-1.5768051147460938
0.785398006439209
1.1221803426742554
1.75
2.0470614433288574
1.0
750.6687622070312
2.092700719833374
-2.066200017929077
-26.308408737182617
24.31439208984375
-1.7283942699432373
1.8325963020324707
1.4135693311691284
1.75
2.238596200942993
5.0
807.2633666992188
1.3481006622314453
-1.8309999704360962
-23.253299713134766
24.984384536743164
-1.740150809288025
1.8325963020324707
1.6767773628234863
1.75
1.578302264213562
5.0
824.8364868164062
0.12410065531730652
-1.38510000705719
-19.565231323242188
25.911773681640625
-1.6501595973968506
1.8325963020324707
1.9101667404174805
1.75
0.8858740925788879
5.0
812.1411743164062
-0.46239936351776123
-1.2233999967575073
-15.159741401672363
26.423675537109375
-1.4972680807113647
1.8325963020324707
2.114891529083252
1.75
0.7041301727294922
5.0
778.0447387695312
-0.46749937534332275
-1.4830999374389648
-7.859817981719971
26.658239364624023
-1.2147313356399536
2.879793405532837
2.374361038208008
1.75
0.7724304795265198
4.0
803.46142578125
-0.7989993691444397
-1.3557000160217285
0.24441292881965637
27.031967163085938
-0.8304620981216431
2.879793405532837
2.64713191986084
1.75
0.7085532546043396
4.0
830.2781372070312
-1.1253993511199951
-0.8362999558448792
7.272836208343506
27.404447555541992
-0.4354065954685211
2.879793405532837
2.8901429176330566
1.75
0.6746867299079895
4.0
824.4671020507812
-1.502799391746521
-0.30219995975494385
13.056002616882324
27.511781692504883
-0.06602012366056442
2.879793405532837
3.1038577556610107
1.75
0.8557218313217163
4.0
794.9199829101562
-2.1300995349884033
-0.2335999757051468
17.83745765686035
27.231719970703125
0.2597019672393799
2.879793405532837
3.2905454635620117
1.75
1.2984436750411987
4.0
749.75830078125
-2.6655993461608887
-0.43449997901916504
22.71076011657715
26.923599243164062
0.6073967218399048
3.9269909858703613
3.4960556030273438
1.75
1.6511564254760742
6.0
736.3271484375
-2.716599464416504
-0.19439996778964996
27.49736785888672
26.850730895996094
1.0153954029083252
3.9269909858703613
3.7606122493743896
1.75
1.7275968790054321
6.0
773.421630859375
-2.706399440765381
0.2907000184059143
29.944814682006836
26.69877052307129
1.3190367221832275
3.9269909858703613
3.9953415393829346
1.75
1.8528670072555542
6.0
775.1859741210938
-3.0072994232177734
1.128600001335144
30.184864044189453
26.014667510986328
1.526352882385254
3.9269909858703613
4.2013092041015625
1.75
2.3797950744628906
6.0
751.7227783203125
-2.874699354171753
1.8930000066757202
28.486827850341797
25.58901596069336
1.708153486251831
4.974188804626465
4.493305206298828
1.75
2.5278525352478027
2.0
808.6024169921875
-2.461599349975586
1.6529000997543335
25.347402572631836
26.159639358520508
1.7481157779693604
4.974188804626465
4.758498668670654
1.75
1.854889988899231
2.0
827.5606079101562
-1.0437994003295898
1.2756000757217407
21.492839813232422
27.228164672851562
1.6808104515075684
4.974188804626465
4.9945220947265625
1.75
0.983177900314331
2.0
816.4384155273438
-0.17169936001300812
1.2217000722885132
16.79090118408203
27.808809280395508
1.5443947315216064
4.974188804626465
5.201996803283691
1.75
0.7226661443710327
2.0
783.6008911132812
-0.10539935529232025
1.7312999963760376
11.311019897460938
27.916221618652344
1.3708134889602661
4.974188804626465
5.383172035217285
1.75
0.8938056826591492
2.0
736.6262817382812
-0.11559934914112091
2.0694000720977783
1.878467082977295
28.32427215576172
1.0111747980117798
6.02138614654541
5.667129039764404
1.75
0.7649462819099426
3.0
790.422607421875
0.3944006562232971
1.7950000762939453
-6.441875457763672
28.852432250976562
0.6179057955741882
6.02138614654541
5.922307968139648
1.75
0.5891465544700623
3.0
805.4259643554688
0.08840065449476242
1.363800048828125
-13.77098274230957
29.694923400878906
0.23606908321380615
6.02138614654541
6.147876262664795
1.75
0.16924454271793365
3.0
791.0164794921875
2.123300790786743
1.4128000736236572
-21.194190979003906
28.8586483001709
-0.2289837747812271
0.785398006439209
0.13122624158859253
1.75
1.1846973896026611
1.0
818.6638793945312
2.720000743865967
1.0159000158309937
-27.652996063232422
28.60174560546875
-0.6943291425704956
0.785398006439209
0.4079900085926056
1.75
1.5324921607971191
1.0
845.0501098632812
2.505800724029541
0.5014000535011292
-31.826894760131836
28.771520614624023
-1.0690826177597046
0.785398006439209
0.6572167277336121
1.75
1.451407551765442
1.0
840.8045043945312
2.5619008541107178
-0.6207000017166138
-33.2242317199707
28.286630630493164
-1.3464070558547974
0.785398006439209
0.8778854608535767
1.75
1.9201990365982056
1.0
813.0308837890625
3.2861008644104004
-1.6643999814987183
-32.51545333862305
27.112157821655273
-1.5672297477722168
1.8325963020324707
1.109724998474121
1.75
2.8187572956085205
5.0
805.4771728515625
3.281000852584839
-2.095599889755249
-29.82000732421875
26.789518356323242
-1.7227715253829956
1.8325963020324707
1.3942630290985107
1.75
2.784644365310669
5.0
842.0006713867188
2.1182007789611816
-1.8309999704360962
-25.966495513916016
27.6768798828125
-1.744235634803772
1.8325963020324707
1.6517610549926758
1.75
1.8214818239212036
5.0
845.6799926757812
0.9656006693840027
-1.4536999464035034
-21.2100887298584
28.62918472290039
-1.6667461395263672
1.8325963020324707
1.8804500102996826
1.75
1.0597018003463745
5.0
823.55322265625
0.36380067467689514
-1.781999945640564
-14.273242950439453
28.90903663635254
-1.4950897693634033
2.879793405532837
2.117288112640381
1.75
1.009400486946106
4.0
817.36669921875
0.21590065956115723
-2.0759999752044678
-4.399319171905518
29.276369094848633
-1.1786540746688843
2.879793405532837
2.40262508392334
1.75
0.8884820938110352
4.0
851.5228271484375
-0.2889993488788605
-1.7330000400543213
4.5910820960998535
29.864891052246094
-0.8078821897506714
2.879793405532837
2.661738157272339
1.75
0.6368929743766785
4.0
854.1420288085938
-0.7428993582725525
-1.1694999933242798
12.389387130737305
30.0
-0.4315659999847412
2.879793405532837
2.892408847808838
1.75
0.5468634366989136
4.0
831.538330078125
-1.7679994106292725
-1.06659996509552
18.718059539794922
29.766002655029297
-0.08109638839960098
2.879793405532837
3.0952348709106445
1.75
1.025286316871643
4.0
790.7952880859375
-2.6553995609283447
-1.326300024986267
23.94996452331543
29.36681365966797
0.2281731218099594
2.879793405532837
3.2723519802093506
1.75
1.5201035737991333
4.0
738.468017578125
-3.0786993503570557
-1.218500018119812
30.689905166625977
29.190752029418945
0.6991819739341736
3.9269909858703613
3.552607774734497
1.75
1.7148802280426025
6.0
788.612060546875
-3.201099395751953
-0.517799973487854
34.38564682006836
28.984220504760742
1.0775067806243896
3.9269909858703613
3.8048925399780273
1.75
1.9007219076156616
6.0
801.60107421875
-4.241499423980713
0.8493000268936157
34.812103271484375
27.500938415527344
1.3873142004013062
4.974188804626465
4.056925296783447
1.75
3.062274217605591
2.0
813.5313110351562
-4.863699436187744
1.9371000528335571
32.620574951171875
26.26487922668457
1.633580207824707
4.974188804626465
4.345593452453613
1.75
3.7259039878845215
2.0
851.6395263671875
-3.828399419784546
1.7166000604629517
29.249114990234375
27.014949798583984
1.7410975694656372
4.974188804626465
4.6116042137146
1.75
2.630607843399048
2.0
860.22802734375
-2.2524993419647217
1.3099000453948975
24.72391128540039
28.258039474487305
1.7332055568695068
4.974188804626465
4.850930690765381
1.75
1.4289216995239258
2.0
843.5343627929688
-1.0080994367599487
1.5794000625610352
18.985519409179688
28.791284561157227
1.6436278820037842
4.974188804626465
5.062795162200928
1.75
1.1047457456588745
2.0
807.48095703125
-0.9774993658065796
2.4075000286102295
12.207139015197754
28.655906677246094
1.504456877708435
4.974188804626465
5.2484965324401855
1.75
1.3716511726379395
2.0
758.2269287109375
-0.7734993696212769
2.8338000774383545
1.2228186130523682
29.05475616455078
1.1907527446746826
6.02138614654541
5.534834861755371
1.75
1.1336474418640137
3.0
808.554931640625
-0.07989934831857681
2.3438000679016113
-8.40983772277832
29.794198989868164
0.8206711411476135
6.02138614654541
5.795071601867676
1.75
0.7045052647590637
3.0
823.2638549804688
1.1747007369995117
2.049800157546997
-16.562973022460938
29.88875389099121
0.44365930557250977
6.02138614654541
6.026866436004639
1.75
0.9032245874404907
3.0
809.61962890625
2.4038007259368896
2.2360000610351562
-26.330303192138672
29.231847763061523
-0.06756749749183655
0.785398006439209
0.0386199951171875
1.75
1.3601694107055664
1.0
854.2205810546875
2.8832006454467773
1.9763000011444092
-33.368289947509766
29.20496368408203
-0.5402016639709473
0.785398006439209
0.31381794810295105
1.75
1.4732543230056763
1.0
870.1065063476562
2.592500686645508
1.045300006866455
-37.39846420288086
29.447311401367188
-0.9350261688232422
0.785398006439209
0.5636831521987915
1.75
1.3546011447906494
1.0
859.9595947265625
3.107600688934326
-0.5961999893188477
-38.00668716430664
28.430341720581055
-1.2384412288665771
0.785398006439209
0.7862148880958557
1.75
2.281972646713257
1.0
828.8511962890625
4.219400882720947
-1.80649995803833
-35.951114654541016
26.7717342376709
-1.5444122552871704
1.8325963020324707
1.0812101364135742
1.75
3.4496679306030273
5.0
868.52685546875
3.520700693130493
-1.9975999593734741
-32.08584213256836
26.926076889038086
-1.7099767923355103
1.8325963020324707
1.3566012382507324
1.75
2.880063056945801
5.0
880.87939453125
2.0060007572174072
-1.5223000049591064
-27.12805938720703
28.129289627075195
-1.7488608360290527
1.8325963020324707
1.6067416667938232
1.75
1.6408164501190186
5.0
868.18310546875
0.9605006575584412
-1.5713000297546387
-20.822309494018555
28.766027450561523
-1.6917182207107544
1.8325963020324707
1.8295799493789673
1.75
1.1802406311035156
5.0
835.2112426757812
0.8279007077217102
-2.291599988937378
-9.689062118530273
28.802061080932617
-1.4883967638015747
2.879793405532837
2.124620199203491
1.75
1.2826766967773438
4.0
873.2822265625
0.36380067467689514
-2.213200092315674
1.2023401260375977
29.394397735595703
-1.1818194389343262
2.879793405532837
2.400170087814331
1.75
0.9234111905097961
4.0
884.542724609375
-0.21759936213493347
-1.4977999925613403
10.75918197631836
30.0
-0.8252237439155579
2.879793405532837
2.6505372524261475
1.75
0.5474472045898438
4.0
871.0947875976562
-1.232499361038208
-1.1204999685287476
18.777114868164062
29.934518814086914
-0.46334144473075867
2.879793405532837
2.8736281394958496
1.75
0.7751871943473816
4.0
837.5874633789062
-2.481999397277832
-1.340999960899353
25.338062286376953
29.413021087646484
-0.12528087198734283
2.879793405532837
3.069941759109497
1.75
1.4340643882751465
4.0
789.6799926757812
-3.083799362182617
-1.532099962234497
32.75534439086914
29.102149963378906
0.3177022337913513
3.9269909858703613
3.324150800704956
1.75
1.7520177364349365
6.0
807.6587524414062
-3.2418994903564453
-1.0126999616622925
38.05999755859375
28.966522216796875
0.7668683528900146
3.9269909858703613
3.595201015472412
1.75
1.8601185083389282
6.0
831.9522094726562
-3.869199514389038
0.36910003423690796
39.46128463745117
27.909259796142578
1.12312650680542
3.9269909858703613
3.8384292125701904
1.75
2.698746681213379
6.0
825.9222412109375
-5.006499767303467
1.8195000886917114
37.55514907836914
25.998825073242188
1.4658215045928955
4.974188804626465
4.134499549865723
1.75
3.9928083419799805
2.0
867.34375
-4.501599311828613
1.9910000562667847
33.60779571533203
25.9281063079834
1.6724810600280762
4.974188804626465
4.4136881828308105
1.75
3.467419385910034
2.0
883.3206787109375
-2.8695993423461914
1.402999997138977
28.553619384765625
27.287065505981445
1.7483422756195068
4.974188804626465
4.669294834136963
1.75
1.961447834968567
2.0
874.7290649414062
-1.2834993600845337
1.3981000185012817
22.209680557250977
28.19347381591797
1.7198338508605957
4.974188804626465
4.898282527923584
1.75
1.199499249458313
2.0
845.3726806640625
-1.0335993766784668
2.4270999431610107
14.45025634765625
27.87619400024414
1.6198298931121826
4.974188804626465
5.1004791259765625
1.75
1.5907976627349854
2.0
800.5203857421875
-1.0845993757247925
2.990600109100342
2.914926290512085
28.095495223999023
1.358912706375122
6.02138614654541
5.394036293029785
1.75
1.4343750476837158
3.0
846.2060546875
-0.406299352645874
2.628000020980835
-7.66452693939209
28.85811424255371
1.0149734020233154
6.02138614654541
5.664462566375732
1.75
0.9035950303077698
3.0
859.9991455078125
0.8483006954193115
2.1674001216888428
-16.734798431396484
29.17095375061035
0.6418871879577637
6.02138614654541
5.907619476318359
1.75
0.881895899772644
3.0
846.6573486328125
2.1437008380889893
2.4711999893188477
-27.295137405395508
28.897512435913086
0.13842901587486267
0.785398006439209
6.203999042510986
1.75
1.3075591325759888
1.0
882.9974975585938
2.8934006690979004
2.289900064468384
-35.13816452026367
28.752168655395508
-0.34956711530685425
0.785398006439209
0.2011091262102127
1.75
1.5245208740234375
1.0
895.890625
2.602700710296631
1.3883000612258911
-39.71025848388672
29.082509994506836
-0.7742714285850525
0.785398006439209
0.4583269953727722
1.75
1.3219157457351685
1.0
885.443115234375
2.9750008583068848
-0.4050999879837036
-40.65362548828125
28.243770599365234
-1.1127748489379883
0.785398006439209
0.6891452074050903
1.75
2.127926826477051
1.0
854.8952026367188
4.173501014709473
-1.8015999794006348
-38.57155227661133
26.395553588867188
-1.4585033655166626
1.8325963020324707
0.9853100180625916
1.75
3.491966724395752
5.0
888.9060668945312
3.882800817489624
-2.051500082015991
-33.99825668334961
26.1778621673584
-1.668717861175537
1.8325963020324707
1.2648344039916992
1.75
3.213526487350464
5.0
899.5962524414062
2.419100761413574
-1.6104999780654907
-28.776599884033203
27.316770553588867
-1.7478166818618774
1.8325963020324707
1.5209288597106934
1.75
1.9473071098327637
5.0
887.216064453125
1.2512006759643555
-1.6349999904632568
-22.222328186035156
28.027875900268555
-1.7217988967895508
1.8325963020324707
1.7504699230194092
1.75
1.3536874055862427
5.0
855.1063842773438
1.276700735092163
-2.5120999813079834
-11.0790376663208
27.916061401367188
-1.5557090044021606
2.879793405532837
2.0464606285095215
1.75
1.5295811891555786
4.0
888.9027099609375
0.8789007067680359
-2.703200101852417
-0.150986909866333
28.412410736083984
-1.2749649286270142
2.879793405532837
2.3253679275512695
1.75
1.1788146495819092
4.0
899.054443359375
0.3026006519794464
-1.9926999807357788
9.574312210083008
29.31173324584961
-0.9310826063156128
2.879793405532837
2.580566644668579
1.75
0.6125494837760925
4.0
886.0379638671875
-0.9672994017601013
-1.6692999601364136
17.970853805541992
29.45423698425293
-0.5712098479270935
2.879793405532837
2.8090920448303223
1.75
0.7858811020851135
4.0
853.3561401367188
-2.4054994583129883
-2.080899953842163
25.126327514648438
28.91765594482422
-0.2281874120235443
2.879793405532837
3.0108253955841064
1.75
1.4532713890075684
4.0
806.0386962890625
-3.0990993976593018
-2.213200092315674
33.938194274902344
28.696001052856445
0.28353047370910645
3.9269909858703613
3.3043301105499268
1.75
1.6939177513122559
6.0
850.2483520507812
-3.1245994567871094
-1.5174000263214111
39.23312759399414
28.770200729370117
0.7342596650123596
3.9269909858703613
3.5745790004730225
1.75
1.6500446796417236
6.0
862.8407592773438
-3.797799587249756
0.08980002999305725
40.46706771850586
27.715173721313477
1.0947892665863037
3.9269909858703613
3.8174896240234375
1.75
2.53999924659729
6.0
848.5503540039062
-5.006499767303467
1.6333000659942627
38.17811584472656
25.75191879272461
1.4457279443740845
4.974188804626465
4.11381721496582
1.75
3.906890869140625
2.0
884.35302734375
-4.613799571990967
1.8342000246047974
33.72064971923828
25.61550521850586
1.6619988679885864
4.974188804626465
4.393923759460449
1.75
3.4559576511383057
2.0
896.73046875
-3.129699468612671
1.3540000915527344
28.63957977294922
26.845897674560547
1.7466875314712524
4.974188804626465
4.650866985321045
1.75
2.0533127784729004
2.0
885.8275146484375
-1.7322994470596313
1.530400037765503
22.157718658447266
27.58443260192871
1.7250505685806274
4.974188804626465
4.881371974945068
1.75
1.4067200422286987
2.0
854.9097290039062
-1.5486993789672852
2.799499988555908
14.297264099121094
27.08074951171875
1.6298272609710693
4.974188804626465
5.085093021392822
1.75
1.893372893333435
2.0
808.9037475585938
-1.538499355316162
3.387500047683716
2.953096866607666
27.350936889648438
1.375533938407898
6.02138614654541
5.378821849822998
1.75
1.6290942430496216
3.0
852.5777587890625
-0.8601993918418884
2.975900173187256
-7.457416534423828
28.24384307861328
1.0357201099395752
6.02138614654541
5.649832725524902
1.75
0.9435659646987915
3.0
865.2324829101562
0.7106006741523743
2.6182000637054443
-16.493928909301758
28.50970458984375
0.6643226146697998
6.02138614654541
5.893801689147949
1.75
0.9522325396537781
3.0
851.2396850585938
2.11310076713562
2.8043999671936035
-26.90083122253418
28.29447364807129
0.16222313046455383
0.785398006439209
6.190351486206055
1.75
1.3227392435073853
1.0
886.5508422851562
2.740400791168213
2.794600009918213
-34.76964569091797
28.343130111694336
-0.327187180519104
0.785398006439209
0.1880740225315094
1.75
1.376704454421997
1.0
899.0598754882812
2.7098007202148438
1.873400092124939
-39.349971771240234
28.608531951904297
-0.7551642656326294
0.785398006439209
0.4461880624294281
1.75
1.2621498107910156
1.0
888.5690307617188
3.270800828933716
-0.05719996988773346
-40.209312438964844
27.644121170043945
-1.0976861715316772
0.785398006439209
0.6780275702476501
1.75
2.1784732341766357
1.0
858.0943603515625
4.5866007804870605
-1.6447999477386475
-38.0201301574707
25.626148223876953
-1.4477922916412354
1.8325963020324707
0.9743282794952393
1.75
3.659479856491089
5.0
891.4022827148438
4.22960090637207
-1.8603999614715576
-33.543128967285156
25.472387313842773
-1.6630815267562866
1.8325963020324707
1.254340410232544
1.75
3.278437614440918
5.0
901.872802734375
2.7455008029937744
-1.5663999319076538
-28.276342391967773
26.535341262817383
-1.746871829032898
1.8325963020324707
1.511146068572998
1.75
2.050426721572876
5.0
889.519775390625
1.562300682067871
-1.7525999546051025
-21.652494430541992
27.14322853088379
-1.724555492401123
1.8325963020324707
1.7414946556091309
1.75
1.5113856792449951
5.0
857.5112915039062
1.5062006711959839
-2.7276999950408936
-10.600748062133789
26.98915672302246
-1.5627691745758057
2.879793405532837
2.037595272064209
1.75
1.6809144020080566
4.0
890.7863159179688
0.9095006585121155
-2.8306000232696533
0.03618531674146652
27.537519454956055
-1.2850844860076904
2.879793405532837
2.31689453125
1.75
1.251940369606018
4.0
900.7931518554688
0.37910065054893494
-2.1152000427246094
9.649043083190918
28.477203369140625
-0.942764163017273
2.879793405532837
2.5726616382598877
1.75
0.6433539986610413
4.0
887.8193359375
-0.8856993913650513
-1.8163000345230103
17.967330932617188
28.655874252319336
-0.5831990242004395
2.879793405532837
2.8018314838409424
1.75
0.7872597575187683
4.0
855.23291015625
-2.364699363708496
-2.311199903488159
25.100038528442383
28.11186981201172
-0.23965992033481598
2.879793405532837
3.004210948944092
1.75
1.4554433822631836
4.0
807.9866333007812
-3.170499563217163
-2.4238998889923096
33.71280288696289
27.86068344116211
0.2722301781177521
3.9269909858703613
3.2977895736694336
1.75
1.7212039232254028
6.0
851.7599487304688
-3.1551995277404785
-1.5419000387191772
38.762367248535156
27.94306755065918
0.7242518067359924
3.9269909858703613
3.568286895751953
1.75
1.6681512594223022
6.0
864.1780395507812
-3.9303994178771973
0.10940003395080566
39.82477569580078
26.786148071289062
1.0866365432739258
3.9269909858703613
3.811542272567749
1.75
2.6374948024749756
6.0
849.8402709960938
-5.139099597930908
1.6088000535964966
37.474021911621094
24.82369041442871
1.4399081468582153
4.974188804626465
4.1079421043396
1.75
3.9781553745269775
2.0
885.3756103515625
-4.578099727630615
1.829300045967102
33.031768798828125
24.768667221069336
1.658873200416565
4.974188804626465
4.388311386108398
1.75
3.4442591667175293
2.0
897.7178955078125
-3.1041994094848633
1.402999997138977
27.90677833557129
25.964075088500977
1.7460702657699585
4.974188804626465
4.6456379890441895
1.75
2.0851833820343018
2.0
886.8914794921875
-1.7016993761062622
1.5108000040054321
21.496700286865234
26.753524780273438
1.7264336347579956
4.974188804626465
4.876579761505127
1.75
1.3926444053649902
2.0
856.075439453125
-1.477299451828003
2.750499963760376
13.706894874572754
26.2714900970459
1.632611870765686
4.974188804626465
5.080740928649902
1.75
1.862950325012207
2.0
810.1464233398438
-1.4058994054794312
3.314000129699707
2.4845261573791504
26.53586196899414
1.3801946640014648
6.02138614654541
5.374517917633057
1.75
1.6130388975143433
3.0
853.543212890625
-0.6969993710517883
2.794600009918213
-7.747640609741211
27.44767951965332
1.0415616035461426
6.02138614654541
5.645695686340332
1.75
0.9237616062164307
3.0
866.09375
0.8126006722450256
2.4957001209259033
-16.66952133178711
27.674694061279297
0.670646607875824
6.02138614654541
5.889896869659424
1.75
0.9671445488929749
3.0
852.078857421875
2.1488006114959717
2.931800127029419
-27.043481826782227
27.419450759887695
0.16894370317459106
0.785398006439209
6.186494827270508
1.75
1.3543472290039062
1.0
887.2171630859375
2.7149007320404053
2.583899974822998
-34.52933120727539
27.47765350341797
-0.32085704803466797
0.785398006439209
0.1843903362751007
1.75
1.3909640312194824
1.0
899.7050170898438
2.6588008403778076
1.5500000715255737
-38.86917495727539
27.683494567871094
-0.7497548460960388
0.785398006439209
0.4427586793899536
1.75
1.3240230083465576
1.0
889.2676391601562
3.143300771713257
-0.22379997372627258
-39.67540740966797
26.795475006103516
-1.0934172868728638
0.785398006439209
0.6748883128166199
1.75
2.164818525314331
1.0
858.8626098632812
4.3214006423950195
-1.7379000186920166
-37.4252815246582
24.89614486694336
-1.4447505474090576
1.8325963020324707
0.9712282419204712
1.75
3.553575277328491
5.0
892.0078735351562
3.9185009002685547
-1.8848999738693237
-32.99557876586914
24.831260681152344
-1.6614794731140137
1.8325963020324707
1.2513797283172607
1.75
3.1435387134552
5.0
902.443359375
2.408900737762451
-1.5174000263214111
-27.7793025970459
25.958959579467773
-1.7465828657150269
1.8325963020324707
1.5083879232406616
1.75
1.8977634906768799
5.0
890.1183471679688
1.2410006523132324
-1.6692999601364136
-21.18804168701172
26.583377838134766
-1.7252850532531738
1.8325963020324707
1.7389671802520752
1.75
1.3850504159927368
5.0
858.1541137695312
1.3022006750106812
-2.4238998889923096
-10.299979209899902
26.544160842895508
-1.5647189617156982
2.879793405532837
2.0350983142852783
1.75
1.4962934255599976
4.0
891.2908935546875
0.9707006812095642
-2.507200002670288
0.3486924171447754
27.12371253967285
-1.2879092693328857
2.879793405532837
2.314507007598877
1.75
1.0888209342956543
4.0
901.2628784179688
0.10880065709352493
-1.8603999614715576
9.923830032348633
27.901548385620117
-0.9460448026657104
2.879793405532837
2.570434093475342
1.75
0.6372456550598145
4.0
888.3062133789062
-0.9978994131088257
-1.5271999835968018
18.122846603393555
28.08730125427246
-0.5865786671638489
2.879793405532837
2.7997848987579346
1.75
0.7725741267204285
4.0
855.7501220703125
-2.420799493789673
-1.889799952507019
25.004501342773438
27.544736862182617
-0.2428906261920929
2.879793405532837
3.0023462772369385
1.75
1.4469622373580933
4.0
808.5269165039062
-3.06339955329895
-1.9632999897003174
33.415199279785156
27.3111572265625
0.2690403461456299
3.9269909858703613
3.295945167541504
1.75
1.7033599615097046
6.0
852.1792602539062
-3.002199411392212
-1.1891000270843506
38.35818099975586
27.378690719604492
0.721422553062439
3.9269909858703613
3.566513776779175
1.75
1.6648969650268555
6.0
864.5508422851562
-3.6294994354248047
0.3250000476837158
39.43528747558594
26.353656768798828
1.084336757659912
3.9269909858703613
3.8098671436309814
1.75
2.5285937786102295
6.0
850.20166015625
-4.756599426269531
1.6480000019073486
37.27490997314453
24.560354232788086
1.4382554292678833
4.974188804626465
4.106287479400635
1.75
3.770444869995117
2.0
885.6622314453125
-4.149699687957764
1.8146001100540161
32.8927001953125
24.587646484375
1.6579890251159668
4.974188804626465
4.386730194091797
1.75
3.223125696182251
2.0
897.9947509765625
-2.6910994052886963
1.319700002670288
27.805728912353516
25.821149826049805
1.745896339416504
4.974188804626465
4.644164085388184
1.75
1.8785842657089233
2.0
887.1902465820312
-1.2885993719100952
1.4177000522613525
21.422128677368164
26.612934112548828
1.7268235683441162
4.974188804626465
4.875228404998779
1.75
1.2358492612838745
2.0
856.403076171875
-1.1100994348526
2.402600049972534
13.776442527770996
26.296829223632812
1.6333765983581543
4.974188804626465
5.079513072967529
1.75
1.61031973361969
2.0
810.49609375
-1.0590994358062744
2.9563000202178955
2.5143237113952637
26.512142181396484
1.3814918994903564
6.02138614654541
5.373303413391113
1.75
1.4592007398605347
3.0
853.8148803710938
-0.4572993516921997
2.52020001411438
-7.776530742645264
27.33051872253418
1.0432037115097046
6.02138614654541
5.644527912139893
1.75
0.8804410696029663
3.0
866.3361206054688
0.8738006949424744
2.123300075531006
-16.62240219116211
27.602312088012695
0.6724246144294739
6.02138614654541
5.888794422149658
1.75
0.897746741771698
3.0
852.3152465820312
2.1845006942749023
2.446700096130371
-26.829330444335938
27.294511795043945
0.17083953320980072
0.785398006439209
6.1854071617126465
1.75
1.3433446884155273
1.0
887.4056396484375
2.750600814819336
2.250699996948242
-34.44272994995117
27.269567489624023
-0.3190707266330719
0.785398006439209
0.1833524852991104
1.75
1.455029010772705
1.0
899.88818359375
2.485400676727295
1.3736000061035156
-38.89991760253906
27.613004684448242
-0.7482324242591858
0.785398006439209
0.44179344177246094
1.75
1.2598603963851929
1.0
889.4663696289062
2.9699008464813232
-0.32179996371269226
-39.71922302246094
26.750577926635742
-1.0922056436538696
0.785398006439209
0.6740057468414307
1.75
2.0914642810821533
1.0
859.0814208984375
3.979700803756714
-1.7721999883651733
-37.5474739074707
25.019691467285156
-1.4438952207565308
1.8325963020324707
0.9703564047813416
1.75
3.367532253265381
5.0
892.1799926757812
3.566600799560547
-1.9387999773025513
-33.120479583740234
24.944866180419922
-1.6610137224197388
1.8325963020324707
1.250546932220459
1.75
3.0034546852111816
5.0
902.6051025390625
2.240600824356079
-1.492900013923645
-27.882980346679688
26.040939331054688
-1.7464913129806519
1.8325963020324707
1.5076119899749756
1.75
1.8203215599060059
5.0
890.2874145507812
1.0523006916046143
-1.6202999353408813
-21.322195053100586
26.68403434753418
-1.7254902124404907
1.8325963020324707
1.7382559776306152
1.75
1.3096625804901123
5.0
858.3353881835938
1.0574007034301758
-2.399399995803833
-10.384696960449219
26.608531951904297
-1.5652647018432617
2.879793405532837
2.034396171569824
1.75
1.4730106592178345
4.0
891.433349609375
0.7973006963729858
-2.3749001026153564
0.25344276428222656
27.216184616088867
-1.2887035608291626
2.879793405532837
2.313835859298706
1.75
1.0502169132232666
4.0
901.3954467773438
0.10880065709352493
-1.7721999883651733
9.919731140136719
27.98990249633789
-0.9469671845436096
2.879793405532837
2.569807767868042
1.75
0.6061216592788696
4.0
888.4436645507812
-1.069299340248108
-1.5026999711990356
18.14943504333496
28.11603546142578
-0.5875282287597656
2.879793405532837
2.7992098331451416
1.75
0.7981923818588257
4.0
855.896240234375
-2.283099412918091
-1.7770999670028687
25.051715850830078
27.697547912597656
-0.24379774928092957
2.879793405532837
3.0018227100372314
1.75
1.3642970323562622
4.0
808.6796264648438
-2.9970993995666504
-1.9241000413894653
33.50828170776367
27.423152923583984
0.26814520359039307
3.9269909858703613
3.2954275608062744
1.75
1.6664396524429321
6.0
852.2977294921875
-2.9868993759155273
-1.2625999450683594
38.529727935791016
27.490663528442383
0.7206278443336487
3.9269909858703613
3.5660157203674316
1.75
1.6348299980163574
6.0
864.656005859375
-3.542799472808838
0.3103000223636627
39.60774612426758
26.514183044433594
1.083690881729126
3.9269909858703613
3.809396982192993
1.75
2.4654109477996826
6.0
850.3035278320312
-4.6800994873046875
1.5794000625610352
37.44329071044922
24.75929832458496
1.4377915859222412
4.974188804626465
4.105823040008545
1.75
3.6870784759521484
2.0
885.742919921875
-4.226199626922607
1.7411000728607178
33.02273941040039
24.715293884277344
1.6577410697937012
4.974188804626465
4.386286735534668
1.75
3.2156527042388916
2.0
898.0726318359375
-2.73699951171875
1.3736000061035156
27.868637084960938
25.87253761291504
1.745847463607788
4.974188804626465
4.64375114440918
1.75
1.932104229927063
2.0
887.274169921875
-1.4568994045257568
1.407900094985962
21.484323501586914
26.678386688232422
1.7269326448440552
4.974188804626465
4.874850273132324
1.75
1.269409418106079
2.0
856.4949951171875
-1.2477993965148926
2.4711999893188477
13.812549591064453
26.32175064086914
1.6335893869400024
4.974188804626465
5.079169750213623
1.75
1.66779363155365
2.0
810.593994140625
-1.1559994220733643
3.132699966430664
2.5043277740478516
26.482322692871094
1.3818540573120117
6.02138614654541
5.372964382171631
1.75
1.5438858270645142
3.0
853.890869140625
-0.5898993611335754
2.642699956893921
-7.721481800079346
27.366546630859375
1.0436590909957886
6.02138614654541
5.64420223236084
1.75
0.89458167552948
3.0
866.4038696289062
0.7412006855010986
2.275200128555298
-16.61884880065918
27.662538528442383
0.6729216575622559
6.02138614654541
5.888486385345459
1.75
0.8832719922065735
3.0
852.3811645507812
2.199800729751587
2.7701001167297363
-26.943742752075195
27.304264068603516
0.17136944830417633
0.785398006439209
6.185102939605713
1.75
1.3729873895645142
1.0
887.4581909179688
2.684300661087036
2.525099992752075
-34.48674774169922
27.401586532592773
-0.31857025623321533
0.785398006439209
0.18306192755699158
1.75
1.380314588546753
1.0
899.9392700195312
2.4905006885528564
1.5353000164031982
-38.930824279785156
27.7176513671875
-0.7478036880493164
0.785398006439209
0.4415231943130493
1.75
1.2173693180084229
1.0
889.5218505859375
3.133100748062134
-0.17969997227191925
-39.737640380859375
26.76551628112793
-1.0918662548065186
0.785398006439209
0.6737586259841919
1.75
2.1399621963500977
1.0
859.1424560546875
4.265300750732422
-1.6741999387741089
-37.51410675048828
24.93003273010254
-1.4436557292938232
1.8325963020324707
0.9701122641563416
1.75
3.4854893684387207
5.0
892.2279663085938
3.842000722885132
-1.8848999738693237
-33.019309997558594
24.8332462310791
-1.6608833074569702
1.8325963020324707
1.250313639640808
1.75
3.1068358421325684
5.0
902.6502075195312
2.454800844192505
-1.4586000442504883
-27.809709548950195
25.96137809753418
-1.7464656829833984
1.8325963020324707
1.5073944330215454
1.75
1.8768476247787476
5.0
890.3347778320312
1.3430006504058838
-1.684000015258789
-21.157955169677734
26.522903442382812
-1.7255477905273438
1.8325963020324707
1.7380566596984863
1.75
1.4193073511123657
5.0
858.3862915039062
1.4450006484985352
-2.565999984741211
-10.201410293579102
26.39511489868164
-1.5654175281524658
2.879793405532837
2.0341994762420654
1.75
1.5881859064102173
4.0
891.4735717773438
1.0829006433486938
-2.565999984741211
0.37239646911621094
27.044355392456055
-1.2889257669448853
2.879793405532837
2.313647985458374
1.75
1.102937936782837
4.0
901.4329833984375
0.2516006529331207
-1.9241000413894653
9.915964126586914
27.862598419189453
-0.947225034236908
2.879793405532837
2.5696327686309814
1.75
0.6175618767738342
4.0
888.4824829101562
-0.9876993894577026
-1.6791000366210938
18.14990997314453
27.993423461914062
-0.5877935886383057
2.879793405532837
2.799049139022827
1.75
0.8025187253952026
4.0
855.9374389648438
-2.3085994720458984
-2.080899953842163
25.12893295288086
27.524887084960938
-0.2440508008003235
2.879793405532837
3.001676559448242
1.75
1.405969262123108
4.0
808.7225952148438
-3.0378994941711426
-2.188699960708618
33.56758499145508
27.293195724487305
0.26789525151252747
3.9269909858703613
3.295283079147339
1.75
1.6648743152618408
6.0
852.3311157226562
-3.0684995651245117
-1.4536999464035034
38.54396057128906
27.36245346069336
0.7204067707061768
3.9269909858703613
3.5658771991729736
1.75
1.636594295501709
6.0
864.6856079101562
-3.8079993724823
0.22700002789497375
39.46786117553711
26.215133666992188
1.083511471748352
3.9269909858703613
3.8092660903930664
1.75
2.606015920639038
6.0
850.33203125
-4.929999351501465
1.599000096321106
37.13042449951172
24.376808166503906
1.4376624822616577
4.974188804626465
4.105693817138672
1.75
3.848599910736084
2.0
885.7655639648438
-4.476099491119385
1.7312999963760376
32.672447204589844
24.34280014038086
1.6576719284057617
4.974188804626465
4.386162757873535
1.75
3.3347907066345215
2.0
898.0944213867188
-2.864499568939209
1.324600100517273
27.59921646118164
25.59920310974121
1.7458338737487793
4.974188804626465
4.643635272979736
1.75
1.9471395015716553
2.0
887.2977294921875
-1.6710994243621826
1.5794000625610352
21.01570701599121
26.208810806274414
1.7269632816314697
4.974188804626465
4.874744415283203
1.75
1.432821273803711
2.0
856.5208129882812
-1.482399344444275
2.6182000637054443
13.390645027160645
25.86595344543457
1.633649230003357
4.974188804626465
5.079073429107666
1.75
1.7838538885116577
2.0
810.62158203125
-1.4211994409561157
3.2797000408172607
2.1844213008880615
26.07240104675293
1.3819561004638672
6.02138614654541
5.37286901473999
1.75
1.597344994544983
3.0
853.912353515625
-0.6867993474006653
2.799499988555908
-7.9229736328125
26.95713233947754
1.0437874794006348
6.02138614654541
5.644110679626465
1.75
0.9314545392990112
3.0
866.4228515625
0.8279007077217102
2.432000160217285
-16.676443099975586
27.20210075378418
0.6730605363845825
6.02138614654541
5.888400077819824
1.75
0.9586527347564697
3.0
852.399658203125
2.123300790786743
2.799499988555908
-26.877155303955078
26.951961517333984
0.17151759564876556
0.785398006439209
6.185018062591553
1.75
1.3335373401641846
1.0
887.4730224609375
2.720000743865967
2.6035001277923584
-34.337547302246094
26.992843627929688
-0.3184308409690857
0.785398006439209
0.1829809546470642
1.75
1.3933216333389282
1.0
899.9536743164062
2.485400676727295
1.5794000625610352
-38.68153381347656
27.348230361938477
-0.7476841807365417
0.785398006439209
0.4414478838443756
1.75
1.2014786005020142
1.0
889.5374145507812
3.235100746154785
-0.29239997267723083
-39.26228713989258
26.232786178588867
-1.0917716026306152
0.785398006439209
0.6736897230148315
1.75
2.254084825515747
1.0
859.1596069335938
4.459100723266602
-1.6937999725341797
-36.99781799316406
24.348817825317383
-1.4435889720916748
1.8325963020324707
0.9700442552566528
1.75
3.6128461360931396
5.0
892.2413940429688
3.8675007820129395
-1.865299940109253
-32.58574295043945
24.375
-1.6608469486236572
1.8325963020324707
1.2502487897872925
1.75
3.107224464416504
5.0
902.6629028320312
2.4701006412506104
-1.4830999374389648
-27.32740592956543
25.47640037536621
-1.7464584112167358
1.8325963020324707
1.5073342323303223
1.75
1.89887535572052
5.0
890.3479614257812
1.4042006731033325
-1.6791000366210938
-19.828676223754883
26.078359603881836
-1.7173759937286377
2.879793405532837
1.7641184329986572
1.75
1.4021203517913818
4.0
883.2114868164062
1.2053006887435913
-2.3601999282836914
-9.064453125
26.128881454467773
-1.5467896461486816
2.879793405532837
2.057467222213745
1.75
1.4204208850860596
4.0
907.4503784179688
0.9197006821632385
-2.369999885559082
1.3849093914031982
26.75653648376465
-1.2651033401489258
2.879793405532837
2.333568811416626
1.75
0.9969577789306641
4.0
910.3814086914062
0.1547006517648697
-1.6546000242233276
10.649999618530273
27.58216667175293
-0.9229809045791626
2.879793405532837
2.5860252380371094
1.75
0.5330919623374939
4.0
892.0713500976562
-1.1151994466781616
-1.4536999464035034
18.60438346862793
27.630800247192383
-0.5663642287254333
2.879793405532837
2.812019109725952
1.75
0.8025432825088501
4.0
855.6492309570312
-2.4003994464874268
-1.8212000131607056
25.298219680786133
27.14109992980957
-0.2270350456237793
2.879793405532837
3.0114893913269043
1.75
1.4278439283370972
4.0
805.7916259765625
-2.9766993522644043
-1.894700050354004
33.52544403076172
26.948339462280273
0.2846642732620239
3.9269909858703613
3.3049869537353516
1.75
1.6516143083572388
6.0
850.0585327148438
-3.042999505996704
-1.1646000146865845
38.256839752197266
26.932662963867188
0.7352620363235474
3.9269909858703613
3.5752110481262207
1.75
1.6942213773727417
6.0
862.6782836914062
-3.838599443435669
0.4181000292301178
39.03132629394531
25.72163963317871
1.0956013202667236
3.9269909858703613
3.818086862564087
1.75
2.703695058822632
6.0
848.4000244140625
-4.827999591827393
1.7607001066207886
36.676116943359375
23.94195556640625
1.4463070631027222
4.974188804626465
4.114407539367676
1.75
3.8693928718566895
2.0
884.23486328125
-4.195599555969238
1.7019000053405762
32.3099479675293
24.14264488220215
1.662302851676941
4.974188804626465
4.3944878578186035
1.75
3.1633434295654297
2.0
896.6197509765625
-2.7522995471954346
1.3099000453948975
27.0914249420166
25.309783935546875
1.746741771697998
4.974188804626465
4.651392459869385
1.75
1.8842319250106812
2.0
885.7119750976562
-1.4058994054794312
1.554900050163269
20.554868698120117
25.973831176757812
1.7249115705490112
4.974188804626465
4.8818535804748535
1.75
1.3467590808868408
2.0
854.7860717773438
-1.232499361038208
2.52020001411438
12.968417167663574
25.671470642089844
1.629547119140625
4.974188804626465
5.085530757904053
1.75
1.6876469850540161
2.0
808.77392578125
-1.1916993856430054
3.0199999809265137
1.8294626474380493
25.943235397338867
1.3750642538070679
6.02138614654541
5.3792548179626465
1.75
1.4685490131378174
3.0
852.47705078125
-0.44709935784339905
2.6231000423431396
-8.295656204223633
26.730670928955078
1.0351330041885376
6.02138614654541
5.6502485275268555
1.75
0.9144104719161987
3.0
865.1431274414062
0.9656006693840027
2.280100107192993
-17.00765609741211
26.946596145629883
0.6636864542961121
6.02138614654541
5.89419412612915
1.75
0.9702492356300354
3.0
851.1532592773438
2.199800729751587
2.6623001098632812
-27.153596878051758
26.674184799194336
0.16154703497886658
0.785398006439209
6.190739631652832
1.75
1.3607611656188965
1.0
886.482421875
2.7659008502960205
2.598600149154663
-34.47218322753906
26.711381912231445
-0.32782402634620667
0.785398006439209
0.1884446144104004
1.75
1.4167793989181519
1.0
898.993896484375
2.5313007831573486
1.47160005569458
-38.614891052246094
27.011301040649414
-0.7557085156440735
0.785398006439209
0.44653311371803284
1.75
1.2588376998901367
1.0
888.498046875
3.0719008445739746
-0.42469996213912964
-39.12258529663086
26.016098022460938
-1.0981155633926392
0.785398006439209
0.6783434748649597
1.75
2.201097249984741
1.0
858.0164794921875
4.301000595092773
-1.7280999422073364
-36.8095588684082
24.18058967590332
-1.448098063468933
1.8325963020324707
0.9746400713920593
1.75
3.5338525772094727
5.0
891.3408813476562
3.7196006774902344
-1.8996000289916992
-32.336063385009766
24.208847045898438
-1.6632418632507324
1.8325963020324707
1.2546381950378418
1.75
3.049706220626831
5.0
901.8148803710938
2.2355008125305176
-1.5223000049591064
-27.071130752563477
25.338674545288086
-1.7468985319137573
1.8325963020324707
1.5114232301712036
1.75
1.8334996700286865
5.0
889.459228515625
1.230800747871399
-1.6301000118255615
-19.591814041137695
25.972484588623047
-1.7160801887512207
2.879793405532837
1.7679812908172607
1.75
1.3287713527679443
4.0
882.367431640625
1.0166007280349731
-2.2818000316619873
-8.829597473144531
26.028059005737305
-1.543716549873352
2.879793405532837
2.0612356662750244
1.75
1.3643559217453003
4.0
906.7405395507812
0.7412006855010986
-2.183799982070923
1.5806022882461548
26.683456420898438
-1.2607786655426025
2.879793405532837
2.337129831314087
1.75
0.9301049709320068
4.0
909.6744995117188
0.006800651550292969
-1.507599949836731
10.851229667663574
27.45378303527832
-0.9181036949157715
2.879793405532837
2.589311361312866
1.75
0.5251354575157166
4.0
891.309326171875
-1.1508994102478027
-1.3458999395370483
18.81514549255371
27.505611419677734
-0.5614140033721924
2.879793405532837
2.815004348754883
1.75
0.794116199016571
4.0
854.8247680664062
-2.3697993755340576
-1.7134000062942505
25.468042373657227
27.0379581451416
-0.22236907482147217
2.879793405532837
3.0141780376434326
1.75
1.4018595218658447
4.0
804.9249267578125
-2.8899993896484375
-1.7721999883651733
33.62819290161133
26.87438201904297
0.28925445675849915
3.9269909858703613
3.3076462745666504
1.75
1.6095048189163208
6.0
849.38916015625
-2.9562995433807373
-1.0175999402999878
38.252071380615234
26.83389663696289
0.7393213510513306
3.9269909858703613
3.5777695178985596
1.75
1.6766998767852783
6.0
862.0939331054688
-3.7773995399475098
0.3936000466346741
39.07440948486328
25.663713455200195
1.0988900661468506
3.9269909858703613
3.8205058574676514
1.75
2.652683734893799
6.0
847.845947265625
-4.715799331665039
1.7166000604629517
36.642677307128906
23.934494018554688
1.448649525642395
4.974188804626465
4.116795063018799
1.75
3.775970220565796
2.0
883.79541015625
-4.139499664306641
1.7166000604629517
32.19357681274414
24.07086181640625
1.6635310649871826
4.974188804626465
4.396767616271973
1.75
3.141352891921997
2.0
896.1998901367188
-2.6655993461608887
1.2511000633239746
27.03606414794922
25.315073013305664
1.7469468116760254
4.974188804626465
4.653515815734863
1.75
1.8101460933685303
2.0
885.26513671875
-1.385499358177185
1.5353000164031982
20.439823150634766
25.927207946777344
1.7243499755859375
4.974188804626465
4.8837995529174805
1.75
1.3271517753601074
2.0
854.3016357421875
-1.2018994092941284
2.5299999713897705
12.839292526245117
25.60357666015625
1.6284161806106567
4.974188804626465
5.087298393249512
1.75
1.6881822347640991
2.0
808.2611083984375
-1.1712993383407593
3.0445001125335693
1.703108787536621
25.87047576904297
1.3731677532196045
6.02138614654541
5.381002426147461
1.75
1.4797747135162354
3.0
852.0787353515625
-0.46749937534332275
2.5887999534606934
-8.414258003234863
26.697368621826172
1.0327603816986084
6.02138614654541
5.651928901672363
1.75
0.8925917148590088
3.0
864.7886352539062
0.9452006816864014
2.3340001106262207
-17.975799560546875
26.907154083251953
0.6255829930305481
0.785398006439209
5.917616844177246
1.75
0.9532491564750671
1.0
871.5537719726562
2.1947007179260254
2.6231000423431396
-27.833162307739258
26.686893463134766
0.12475644797086716
0.785398006439209
6.211834907531738
1.75
1.336385726928711
1.0
899.5823974609375
2.63330078125
2.32420015335083
-34.85893249511719
26.791196823120117
-0.35910743474960327
0.785398006439209
0.2066744714975357
1.75
1.3501315116882324
1.0
906.224853515625
2.3834006786346436
1.2756000757217407
-38.82492446899414
27.105907440185547
-0.7795462608337402
0.785398006439209
0.4616912603378296
1.75
1.2070471048355103
1.0
891.20703125
3.0209007263183594
-0.53739994764328
-39.175071716308594
26.03434181213379
-1.1145820617675781
0.785398006439209
0.6904879212379456
1.75
2.2141051292419434
1.0
857.4279174804688
4.102100849151611
-1.767300009727478
-36.81802749633789
24.33804702758789
-1.459780216217041
1.8325963020324707
0.9866354465484619
1.75
3.429530620574951
5.0
890.7675170898438
3.617600679397583
-1.8457000255584717
-32.26569747924805
24.38936424255371
-1.6693739891052246
1.8325963020324707
1.2661004066467285
1.75
2.9506735801696777
5.0
900.9241333007812
2.1845006942749023
-1.4586000442504883
-26.94985580444336
25.52012062072754
-1.7479220628738403
1.8325963020324707
1.5221091508865356
1.75
1.759928822517395
5.0
888.1259765625
1.2104007005691528
-1.7182999849319458
-19.2962646484375
26.02777099609375
-1.7125248908996582
2.879793405532837
1.7780838012695312
1.75
1.3720078468322754
4.0
880.9011840820312
1.0370006561279297
-2.2867000102996826
-8.550185203552246
26.145122528076172
-1.5355018377304077
2.879793405532837
2.0710906982421875
1.75
1.3537217378616333
4.0
905.4336547851562
0.6953006982803345
-2.2425999641418457
1.9051315784454346
26.75203514099121
-1.2494316101074219
2.879793405532837
2.3464412689208984
1.75
0.9518219232559204
4.0
908.2322387695312
-0.2430993616580963
-1.6055999994277954
11.12027359008789
27.42887306213379
-0.9052557945251465
2.879793405532837
2.59790301322937
1.75
0.6319020986557007
4.0
889.6171875
-1.1814993619918823
-1.3802000284194946
19.091588973999023
27.566865921020508
-0.5484650731086731
2.879793405532837
2.8228118419647217
1.75
0.8127174377441406
4.0
852.8934936523438
-2.451399326324463
-1.8457000255584717
25.777584075927734
27.051166534423828
-0.21015328168869019
2.879793405532837
3.0212132930755615
1.75
1.45469331741333
4.0
802.8280639648438
-2.991999387741089
-1.9191999435424805
33.91611099243164
26.88878631591797
0.301258385181427
3.9269909858703613
3.314603567123413
1.75
1.6530629396438599
6.0
847.7633666992188
-3.032799482345581
-1.1058000326156616
38.45964813232422
26.868358612060547
0.7499321699142456
3.9269909858703613
3.5844638347625732
1.75
1.6993550062179565
6.0
860.659423828125
-3.9813995361328125
0.4573000371456146
39.122562408447266
25.529817581176758
1.1375014781951904
4.974188804626465
3.8491926193237305
1.75
2.8075804710388184
2.0
867.7062377929688
-4.756599426269531
1.6676000356674194
36.37053298950195
23.977802276611328
1.473659634590149
4.974188804626465
4.142770290374756
1.75
3.7523863315582275
2.0
896.1608276367188
-3.986499547958374
1.6872000694274902
31.89252471923828
24.261735916137695
1.6753981113433838
4.974188804626465
4.419376850128174
1.75
3.0138208866119385
2.0
902.4533081054688
-2.471799373626709
1.172700047492981
26.75648307800293
25.58184814453125
1.7485835552215576
4.974188804626465
4.67250394821167
1.75
1.6613377332687378
2.0
886.7755737304688
-1.3089994192123413
1.5401999950408936
20.07012939453125
26.086671829223633
1.7195202112197876
4.974188804626465
4.899230480194092
1.75
1.2972661256790161
2.0
852.356201171875
-1.232499361038208
2.6623001098632812
11.123725891113281
25.711822509765625
1.5955995321273804
6.02138614654541
5.135567665100098
1.75
1.700644612312317
3.0
838.3106689453125
-1.1253993511199951
2.8828001022338867
0.2659999132156372
26.196733474731445
1.325821876525879
6.02138614654541
5.423533916473389
1.75
1.3161448240280151
3.0
869.3826904296875
-0.3297993540763855
2.32420015335083
-9.538663864135742
27.017963409423828
0.9810394048690796
6.02138614654541
5.688069820404053
1.75
0.7725772857666016
3.0
872.0967407226562
1.1594007015228271
2.1821000576019287
-18.89748764038086
27.079471588134766
0.5732285976409912
0.785398006439209
5.949462413787842
1.75
0.9823631644248962
1.0
873.4540405273438
2.1743006706237793
2.4270999431610107
-28.58527183532715
26.939773559570312
0.0704837441444397
0.785398006439209
6.2428975105285645
1.75
1.2902740240097046
1.0
900.2943115234375
2.5721006393432617
2.049800157546997
-35.46923065185547
27.029157638549805
-0.40917298197746277
0.785398006439209
0.2360009402036667
1.75
1.3247706890106201
1.0
905.2402954101562
2.3732006549835205
1.172700047492981
-39.190452575683594
27.316007614135742
-0.821587324142456
0.785398006439209
0.4887058436870575
1.75
1.2141151428222656
1.0
888.4756469726562
3.163700819015503
-0.7039999961853027
-39.195152282714844
26.04707145690918
-1.1472747325897217
0.785398006439209
0.7149705290794373
1.75
2.3782882690429688
1.0
853.2177734375
4.148000717163086
-1.875100016593933
-36.616817474365234
24.410778045654297
-1.482691764831543
1.8325963020324707
1.0108191967010498
1.75
3.5026323795318604
5.0
887.3721923828125
3.6023008823394775
-1.850600004196167
-31.953536987304688
24.58578109741211
-1.6810760498046875
1.8325963020324707
1.2892203330993652
1.75
2.9165263175964355
5.0
897.4776000976562
2.092700719833374
-1.5026999711990356
-26.521595001220703
25.71900749206543
-1.7493350505828857
1.8325963020324707
1.5436848402023315
1.75
1.731473684310913
5.0
884.2329711914062
1.2410006523132324
-1.9191999435424805
-18.6162109375
26.061599731445312
-1.7047951221466064
2.879793405532837
1.7985025644302368
1.75
1.4876571893692017
4.0
877.0676879882812
1.3124006986618042
-2.521899938583374
-7.803694248199463
26.179162979125977
-1.5184659957885742
2.879793405532837
2.091015338897705
1.75
1.461783528327942
4.0
902.1522827148438
0.8738006949424744
-2.4091999530792236
2.5722062587738037
26.87885093688965
-1.2261273860931396
2.879793405532837
2.365278482437134
1.75
0.9694543480873108
4.0
904.853271484375
-0.5490993857383728
-0.33649998903274536
-8.73162841796875
14.496210098266602
-0.4046246409416199
1.8325963020324707
2.1987054347991943
0.5
0.21965639293193817
5.0
443.7851867675781
-0.1308993548154831
-0.16989997029304504
-0.47870635986328125
2.086078643798828
-0.4529256224632263
2.879793405532837
2.879793405532837
1.75
0.09102058410644531
4.0
760.098876953125
-0.2583993673324585
-0.16499997675418854
-0.6564344167709351
2.5203917026519775
-0.4529256224632263
2.879793405532837
2.879793405532837
1.75
0.1502782106399536
4.0
563.39892578125
-0.365499347448349
-0.2482999712228775
-0.7584143877029419
2.9273107051849365
-0.4529256224632263
2.879793405532837
2.879793405532837
1.75
0.21513763070106506
4.0
417.6014404296875
-0.5286993384361267
-0.3609999716281891
-0.851459801197052
3.277301073074341
-0.4529256224632263
2.879793405532837
2.879793405532837
1.75
0.311515212059021
4.0
309.5337829589844
-0.6510993838310242
-0.4001999795436859
-0.9918198585510254
3.6358578205108643
-0.4529256224632263
2.879793405532837
2.879793405532837
1.75
0.3759777843952179
4.0
229.43214416503906
-0.7275993824005127
-0.42959997057914734
-1.1226487159729004
4.0043134689331055
-0.4529256224632263
2.879793405532837
2.879793405532837
1.75
0.41711243987083435
4.0
170.05941772460938
-0.9570993781089783
-0.5030999779701233
-1.2788234949111938
4.2612996101379395
-0.4529256224632263
2.879793405532837
2.879793405532837
1.75
0.5379799008369446
4.0
126.05131530761719
-1.079499363899231
-0.53739994764328
-1.4345109462738037
4.557073593139648
-0.4529256224632263
2.879793405532837
2.879793405532837
1.75
0.601597011089325
4.0
93.4317398071289
-1.20699942111969
-0.5618999600410461
-1.6109484434127808
4.829403400421143
-0.4529256224632263
2.879793405532837
2.879793405532837
1.75
0.665927529335022
4.0
69.2535400390625
-1.395699381828308
-0.6746000051498413
-1.7410399913787842
5.026621341705322
-0.4529256224632263
2.879793405532837
2.879793405532837
1.75
0.7743256688117981
4.0
51.33222198486328
-1.4874993562698364
-0.7480999827384949
-1.8642011880874634
5.255568981170654
-0.4529256224632263
2.879793405532837
2.879793405532837
1.75
0.8302816152572632
4.0
38.048622131347656
-1.5690994262695312
-0.7578999996185303
-2.0315744876861572
5.4865498542785645
-0.4529256224632263
2.879793405532837
2.879793405532837
1.75
0.8704386949539185
4.0
28.202587127685547
-1.7424994707107544
-0.8999999761581421
-2.125120162963867
5.6240644454956055
-0.4529256224632263
2.879793405532837
2.879793405532837
1.75
0.9766972064971924
4.0
20.90453338623047
-1.8240994215011597
-0.983299970626831
-2.2244369983673096
5.799413204193115
-0.4529256224632263
2.879793405532837
2.879793405532837
1.75
1.0295358896255493
4.0
15.495088577270508
-1.8801994323730469
-1.042099952697754
-2.3230128288269043
5.973829746246338
-0.4529256224632263
2.879793405532837
2.879793405532837
1.75
1.0661269426345825
4.0
11.485515594482422
-1.9872994422912598
-1.194000005722046
-2.357665538787842
6.085005760192871
-0.4529256224632263
2.879793405532837
2.879793405532837
1.75
1.1428227424621582
4.0
8.513548851013184
