#ILow1,ILow2,Va,Vq,Ia_ref,hall_angle,angle,Iq_ref,Iq,angle_index,w_meas,
-0.39609935879707336
0.031000029295682907
1.4254435300827026
1.7222230434417725
0.3535533845424652
3.9269909858703613
3.9269909858703613
0.5
0.2696819305419922
6.0
0.0010568408761173487
-0.3501993715763092
0.06530003249645233
1.479320764541626
1.81233549118042
0.3535533845424652
3.9269909858703613
3.9269909858703613
0.5
0.25629380345344543
6.0
0.0010660517727956176
-0.39099937677383423
0.055500030517578125
1.5323493480682373
1.8634082078933716
0.3535533845424652
3.9269909858703613
3.9269909858703613
0.5
0.27794721722602844
6.0
0.00107287906575948
-0.3807993531227112
0.07020003348588943
1.5799959897994995
1.9299873113632202
0.3535533845424652
3.9269909858703613
3.9269909858703613
0.5
0.27830857038497925
6.0
0.0010779396397992969
-0.3705993592739105
0.11430002748966217
1.606103539466858
1.9826109409332275
0.3535533845424652
3.9269909858703613
3.9269909858703613
0.5
0.2925291955471039
6.0
0.0010816904250532389
-0.41139936447143555
0.06530003249645233
1.680850863456726
2.0473415851593018
0.3535533845424652
3.9269909858703613
3.9269909858703613
0.5
0.29570356011390686
6.0
0.001084470539353788
-0.4215993583202362
0.07020003348588943
1.7235373258590698
2.101243734359741
0.3535533845424652
3.9269909858703613
3.9269909858703613
0.5
0.30458173155784607
6.0
0.0010865312069654465
-0.3858993649482727
0.12410002946853638
1.7434139251708984
2.156355619430542
0.3535533845424652
3.9269909858703613
3.9269909858703613
0.5
0.30700141191482544
6.0
0.0010880586924031377
-0.48279935121536255
0.07510003447532654
1.7886689901351929
2.1702353954315186
0.3535533845424652
3.9269909858703613
3.9269909858703613
0.5
0.346301406621933
6.0
0.0010891908314079046
-0.46239936351776123
0.08000002801418304
1.8333954811096191
2.2333858013153076
0.3535533845424652
3.9269909858703613
3.9269909858703613
0.5
0.3354746997356415
6.0
0.0010900299530476332
-0.37569937109947205
0.17800003290176392
1.8333438634872437
2.293931007385254
0.3535533845424652
3.9269909858703613
3.9269909858703613
0.5
0.32584184408187866
6.0
0.0010906520765274763
-0.4725993573665619
0.08000002801418304
1.9089770317077637
2.326529026031494
0.3535533845424652
3.9269909858703613
3.9269909858703613
0.5
0.3420429825782776
6.0
0.0010911131976172328
-0.5133993625640869
0.12410002946853638
1.8953197002410889
2.3162131309509277
0.3535533845424652
3.9269909858703613
3.9269909858703613
0.5
0.3891051113605499
6.0
0.0010914549930021167
-0.42669937014579773
0.1584000289440155
1.9317219257354736
2.3982858657836914
0.3535533845424652
3.9269909858703613
3.9269909858703613
0.5
0.3494437634944916
6.0
0.001091708312742412
-0.48279935121536255
0.12410002946853638
1.968895673751831
2.4165046215057373
0.3535533845424652
3.9269909858703613
3.9269909858703613
0.5
0.3694002330303192
6.0
0.001091896090656519
-0.5031993389129639
0.11430002748966217
1.999921202659607
2.4458916187286377
0.3535533845424652
3.9269909858703613
3.9269909858703613
0.5
0.37791702151298523
6.0
0.0010920352069661021
-0.4368993639945984
0.17310002446174622
2.0048329830169678
2.4958903789520264
0.3535533845424652
3.9269909858703613
3.9269909858703613
0.5
0.362941712141037
6.0
0.001092138234525919
-0.5031993389129639
0.1437000334262848
2.0277788639068604
2.4977641105651855
0.3535533845424652
3.9269909858703613
3.9269909858703613
0.5
0.39177635312080383
6.0
0.0010922147193923593
-0.5439993739128113
0.11430002748966217
2.0571157932281494
2.5140256881713867
0.3535533845424652
3.9269909858703613
3.9269909858703613
0.5
0.40419021248817444
6.0
0.001092271413654089
-0.44709935784339905
0.20250003039836884
2.0506508350372314
2.5688843727111816
0.3535533845424652
3.9269909858703613
3.9269909858703613
0.5
0.3833692967891693
6.0
0.0010923133231699467
-0.52359938621521
0.1388000249862671
2.0951693058013916
2.5805776119232178
0.3535533845424652
3.9269909858703613
3.9269909858703613
0.5
0.40260306000709534
6.0
0.0010923444060608745
-0.5286993384361267
0.1633000373840332
2.0958054065704346
2.592910051345825
0.3535533845424652
3.9269909858703613
3.9269909858703613
0.5
0.4174365997314453
6.0
0.001092367572709918
-0.4419993758201599
0.19270002841949463
2.124368906021118
2.666253089904785
0.3535533845424652
3.9269909858703613
3.9269909858703613
0.5
0.37546539306640625
6.0
0.0010923846857622266
-0.5694993734359741
0.1486000269651413
2.1320760250091553
2.627717971801758
0.3535533845424652
3.9269909858703613
3.9269909858703613
0.5
0.43678018450737
6.0
0.0010923973750323057
-0.5184993743896484
0.1388000249862671
2.181183338165283
2.698160171508789
0.3535533845424652
3.9269909858703613
3.9269909858703613
0.5
0.3993189334869385
6.0
0.0010924068046733737
-0.49809935688972473
0.22700002789497375
2.1424193382263184
2.691438674926758
0.3535533845424652
3.9269909858703613
3.9269909858703613
0.5
0.42776018381118774
6.0
0.0010924137895926833
-0.5541993975639343
0.20740003883838654
2.1532726287841797
2.684884786605835
0.3535533845424652
3.9269909858703613
3.9269909858703613
0.5
0.4546463191509247
6.0
0.0010924189118668437
-0.5592993497848511
0.11920002847909927
2.2334749698638916
2.7485923767089844
0.3535533845424652
3.9269909858703613
3.9269909858703613
0.5
0.4163525402545929
6.0
0.001092422753572464
-0.48279935121536255
0.20740003883838654
2.214693069458008
2.780473232269287
0.3535533845424652
3.9269909858703613
3.9269909858703613
0.5
0.4086682200431824
6.0
0.0010924255475401878
-0.5286993384361267
0.17800003290176392
2.2385101318359375
2.788520574569702
0.3535533845424652
3.9269909858703613
3.9269909858703613
0.5
0.4243662655353546
6.0
0.0010924276430159807
-0.5286993384361267
0.1682000309228897
2.262686014175415
2.816922426223755
0.3535533845424652
3.9269909858703613
3.9269909858703613
0.5
0.4197464883327484
6.0
0.0010924291564151645
-0.48279935121536255
0.2662000358104706
2.2174668312072754
2.815929889678955
0.3535533845424652
3.9269909858703613
3.9269909858703613
0.5
0.4363868236541748
6.0
0.0010924303205683827
-0.5439993739128113
0.17310002446174622
2.277491569519043
2.8421719074249268
0.3535533845424652
3.9269909858703613
3.9269909858703613
0.5
0.43190881609916687
6.0
0.0010924311354756355
-0.52359938621521
0.1682000309228897
2.304377317428589
2.8812344074249268
0.3535533845424652
3.9269909858703613
3.9269909858703613
0.5
0.41646236181259155
6.0
0.0010924318339675665
-0.52359938621521
0.22210003435611725
2.2748405933380127
2.8678314685821533
0.3535533845424652
3.9269909858703613
3.9269909858703613
0.5
0.4418710768222809
6.0
0.0010924322996288538
-0.5133993625640869
0.18780003488063812
2.3198554515838623
2.913853645324707
0.3535533845424652
3.9269909858703613
3.9269909858703613
0.5
0.41913357377052307
6.0
0.0010924326488748193
-0.5286993384361267
0.1584000289440155
2.356555938720703
2.944340705871582
0.3535533845424652
3.9269909858703613
3.9269909858703613
0.5
0.4151267409324646
6.0
0.0010924329981207848
-0.4878993630409241
0.18780003488063812
2.362809896469116
2.9745848178863525
0.3535533845424652
3.9269909858703613
3.9269909858703613
0.5
0.4027128219604492
6.0
0.0010924331145361066
-0.5592993497848511
0.1682000309228897
2.3663082122802734
2.9562716484069824
0.3535533845424652
3.9269909858703613
3.9269909858703613
0.5
0.4394513666629791
6.0
0.0010924331145361066
-0.5592993497848511
0.1633000373840332
2.3866522312164307
2.979839324951172
0.3535533845424652
3.9269909858703613
3.9269909858703613
0.5
0.4371415078639984
6.0
0.0010924331145361066
-0.4929993748664856
0.19270002841949463
2.405032157897949
3.0306508541107178
0.3535533845424652
3.9269909858703613
3.9269909858703613
0.5
0.40830689668655396
6.0
0.0010924331145361066
-0.5337993502616882
0.1437000334262848
2.442112684249878
3.047926425933838
0.3535533845424652
3.9269909858703613
3.9269909858703613
0.5
0.41148120164871216
6.0
0.0010924331145361066
-0.5847993493080139
0.20250003039836884
2.393949270248413
2.999065637588501
0.3535533845424652
3.9269909858703613
3.9269909858703613
0.5
0.4720413088798523
6.0
0.0010924331145361066
-0.5184993743896484
0.19760003685951233
2.430910110473633
3.0600414276123047
0.3535533845424652
3.9269909858703613
3.9269909858703613
0.5
0.4270375072956085
6.0
0.0010924331145361066
-0.5541993975639343
0.18780003488063812
2.4395227432250977
3.0600106716156006
0.3535533845424652
3.9269909858703613
3.9269909858703613
0.5
0.44540682435035706
6.0
0.0010924331145361066
-0.5745993852615356
0.18780003488063812
2.4467086791992188
3.062767267227173
0.3535533845424652
3.9269909858703613
3.9269909858703613
0.5
0.4585433900356293
6.0
0.0010924331145361066
-0.5337993502616882
0.22700002789497375
2.4417011737823486
3.082923650741577
0.3535533845424652
3.9269909858703613
3.9269909858703613
0.5
0.4507492184638977
6.0
0.0010924331145361066
-0.5694993734359741
0.18290002644062042
2.480269432067871
3.102374792098999
0.3535533845424652
3.9269909858703613
3.9269909858703613
0.5
0.45294931530952454
6.0
0.0010924331145361066
-0.5694993734359741
0.19270002841949463
2.4843881130218506
3.1112825870513916
0.3535533845424652
3.9269909858703613
3.9269909858703613
0.5
0.45756909251213074
6.0
0.0010924331145361066
-0.5184993743896484
0.23680002987384796
2.476520538330078
3.133788824081421
0.3535533845424652
3.9269909858703613
3.9269909858703613
0.5
0.44551655650138855
6.0
0.0010924331145361066
-0.5694993734359741
0.19760003685951233
2.4979569911956787
3.1341426372528076
0.3535533845424652
3.9269909858703613
3.9269909858703613
0.5
0.45987898111343384
6.0
0.0010924331145361066
-0.5847993493080139
0.1633000373840332
2.5276827812194824
3.152261972427368
0.3535533845424652
3.9269909858703613
3.9269909858703613
0.5
0.4535622298717499
6.0
0.0010924331145361066
-0.5796993970870972
0.21230003237724304
2.5040924549102783
3.1420629024505615
0.3535533845424652
3.9269909858703613
3.9269909858703613
0.5
0.47337689995765686
6.0
0.0010924331145361066
-0.5796993970870972
0.21230003237724304
2.5106701850891113
3.1505849361419678
0.3535533845424652
3.9269909858703613
3.9269909858703613
0.5
0.47337689995765686
6.0
0.0010924331145361066
-0.6153993606567383
0.1682000309228897
2.5399694442749023
3.160295248031616
0.3535533845424652
3.9269909858703613
3.9269909858703613
0.5
0.4755769968032837
6.0
0.0010924331145361066
-0.5592993497848511
0.20740003883838654
2.541368246078491
3.1879281997680664
0.3535533845424652
3.9269909858703613
3.9269909858703613
0.5
0.45793044567108154
6.0
0.0010924331145361066
-0.5643993616104126
0.21230003237724304
2.5420234203338623
3.1888015270233154
0.3535533845424652
3.9269909858703613
3.9269909858703613
0.5
0.4635244607925415
6.0
0.0010924331145361066
-0.5796993970870972
0.1682000309228897
2.581796169281006
3.2146623134613037
0.3535533845424652
3.9269909858703613
3.9269909858703613
0.5
0.4525879919528961
6.0
0.0010924331145361066
-0.5745993852615356
0.18780003488063812
2.574530601501465
3.213244676589966
0.3535533845424652
3.9269909858703613
3.9269909858703613
0.5
0.4585433900356293
6.0
0.0010924331145361066
-0.6000993847846985
0.18780003488063812
2.571101665496826
3.2012104988098145
0.3535533845424652
3.9269909858703613
3.9269909858703613
0.5
0.47496411204338074
6.0
0.0010924331145361066
-0.6306993961334229
0.19270002841949463
2.5639100074768066
3.182842493057251
0.3535533845424652
3.9269909858703613
3.9269909858703613
0.5
0.49697887897491455
6.0
0.0010924331145361066
-0.6000993847846985
0.21230003237724304
2.56282114982605
3.194173812866211
0.3535533845424652
3.9269909858703613
3.9269909858703613
0.5
0.48651352524757385
6.0
0.0010924331145361066
-0.6000993847846985
0.20250003039836884
2.5728437900543213
3.202582359313965
0.3535533845424652
3.9269909858703613
3.9269909858703613
0.5
0.48189374804496765
6.0
0.0010924331145361066
-0.60519939661026
0.1633000373840332
2.607675313949585
3.2267720699310303
0.3535533845424652
3.9269909858703613
3.9269909858703613
0.5
0.46669885516166687
6.0
0.0010924331145361066
-0.6204993724822998
0.19760003685951233
2.5830578804016113
3.201578140258789
0.3535533845424652
3.9269909858703613
3.9269909858703613
0.5
0.49272045493125916
6.0
0.0010924331145361066
-0.5898993611335754
0.19760003685951233
2.600491762161255
3.2302560806274414
0.3535533845424652
3.9269909858703613
3.9269909858703613
0.5
0.47301557660102844
6.0
0.0010924331145361066
-0.6153993606567383
0.13390003144741058
2.6484789848327637
3.254366397857666
0.3535533845424652
3.9269909858703613
3.9269909858703613
0.5
0.45940783619880676
6.0
0.0010924331145361066
-0.6204993724822998
0.19760003685951233
2.611239433288574
3.2263195514678955
0.3535533845424652
3.9269909858703613
3.9269909858703613
0.5
0.49272045493125916
6.0
0.0010924331145361066
-0.594999372959137
0.21720002591609955
2.60978102684021
3.23775315284729
0.3535533845424652
3.9269909858703613
3.9269909858703613
0.5
0.4855392575263977
6.0
0.0010924331145361066
-0.6102993488311768
0.18780003488063812
2.636195659637451
3.2520437240600586
0.3535533845424652
3.9269909858703613
3.9269909858703613
0.5
0.48153239488601685
6.0
0.0010924331145361066
-0.60519939661026
0.18290002644062042
2.6524133682250977
3.2672312259674072
0.3535533845424652
3.9269909858703613
3.9269909858703613
0.5
0.4759383797645569
6.0
0.0010924331145361066
-0.6000993847846985
0.2564000189304352
2.6057510375976562
3.2379560470581055
0.3535533845424652
3.9269909858703613
3.9269909858703613
0.5
0.507302463054657
6.0
0.0010924331145361066
-0.5898993611335754
0.17800003290176392
2.6754181385040283
3.2946114540100098
0.3535533845424652
3.9269909858703613
3.9269909858703613
0.5
0.46377602219581604
6.0
0.0010924331145361066
-0.5847993493080139
0.19270002841949463
2.6789700984954834
3.3025424480438232
0.3535533845424652
3.9269909858703613
3.9269909858703613
0.5
0.4674215018749237
6.0
0.0010924331145361066
-0.5643993616104126
0.21720002591609955
2.678286075592041
3.3172237873077393
0.3535533845424652
3.9269909858703613
3.9269909858703613
0.5
0.4658343493938446
6.0
0.0010924331145361066
-0.6153993606567383
0.18780003488063812
2.6948862075805664
3.3096961975097656
0.3535533845424652
3.9269909858703613
3.9269909858703613
0.5
0.4848165512084961
6.0
0.0010924331145361066
-0.594999372959137
0.1486000269651413
2.74487042427063
3.357443332672119
0.3535533845424652
3.9269909858703613
3.9269909858703613
0.5
0.45320090651512146
6.0
0.0010924331145361066
-0.5490993857383728
0.22210003435611725
2.7189576625823975
3.36457896232605
0.3535533845424652
3.9269909858703613
3.9269909858703613
0.5
0.45829179883003235
6.0
0.0010924331145361066
-0.6102993488311768
0.1437000334262848
2.770087242126465
3.376032590866089
0.3535533845424652
3.9269909858703613
3.9269909858703613
0.5
0.46074342727661133
6.0
0.0010924331145361066
-0.6102993488311768
0.1388000249862671
2.7957751750946045
3.3984925746917725
0.3535533845424652
3.9269909858703613
3.9269909858703613
0.5
0.4584335684776306
6.0
0.0010924331145361066
-0.5490993857383728
0.23680002987384796
2.7610809803009033
3.406402111053467
0.3535533845424652
3.9269909858703613
3.9269909858703613
0.5
0.46522146463394165
6.0
0.0010924331145361066
-0.594999372959137
0.1437000334262848
2.829658031463623
3.4410006999969482
0.3535533845424652
3.9269909858703613
3.9269909858703613
0.5
0.45089101791381836
6.0
0.0010924331145361066
-0.5796993970870972
0.153500035405159
2.8424243927001953
3.4613070487976074
0.3535533845424652
3.9269909858703613
3.9269909858703613
0.5
0.4456583559513092
6.0
0.0010924331145361066
-0.5847993493080139
0.1437000334262848
2.8647165298461914
3.477904796600342
0.3535533845424652
3.9269909858703613
3.9269909858703613
0.5
0.44432270526885986
6.0
0.0010924331145361066
-0.5490993857383728
0.10450003296136856
2.9318041801452637
3.546854019165039
0.3535533845424652
3.9269909858703613
3.9269909858703613
0.5
0.40285465121269226
6.0
0.0010924331145361066
-0.5847993493080139
0.20250003039836884
2.8582870960235596
3.4834372997283936
0.3535533845424652
3.9269909858703613
3.9269909858703613
0.5
0.4720413088798523
6.0
0.0010924331145361066
-0.5490993857383728
0.1682000309228897
2.9142775535583496
3.5445396900177
0.3535533845424652
3.9269909858703613
3.9269909858703613
0.5
0.4328831136226654
6.0
0.0010924331145361066
-0.5745993852615356
0.09470003098249435
2.9790470600128174
3.5832786560058594
0.3535533845424652
3.9269909858703613
3.9269909858703613
0.5
0.4146556258201599
6.0
0.0010924331145361066
-0.5592993497848511
0.12900003790855408
2.9786770343780518
3.5947210788726807
0.3535533845424652
3.9269909858703613
3.9269909858703613
0.5
0.4209723174571991
6.0
0.0010924331145361066
-0.5592993497848511
0.18290002644062042
2.958926200866699
3.5867505073547363
0.3535533845424652
3.9269909858703613
3.9269909858703613
0.5
0.4463810324668884
6.0
0.0010924331145361066
-0.594999372959137
0.09960003197193146
3.0336520671844482
3.628157138824463
0.3535533845424652
3.9269909858703613
3.9269909858703613
0.5
0.43010208010673523
6.0
0.0010924331145361066
-0.60519939661026
0.09960003197193146
3.052659511566162
3.6410958766937256
0.3535533845424652
3.9269909858703613
3.9269909858703613
0.5
0.4366703927516937
6.0
0.0010924331145361066
-0.49809935688972473
0.1682000309228897
3.0567567348480225
3.6954731941223145
0.3535533845424652
3.9269909858703613
3.9269909858703613
0.5
0.4000415802001953
6.0
0.0010924331145361066
-0.5796993970870972
0.10450003296136856
3.098738193511963
3.6953251361846924
0.3535533845424652
3.9269909858703613
3.9269909858703613
0.5
0.4225594997406006
6.0
0.0010924331145361066
-0.5592993497848511
0.12410002946853638
3.1156301498413086
3.721797227859497
0.3535533845424652
3.9269909858703613
3.9269909858703613
0.5
0.418662428855896
6.0
0.0010924331145361066
-0.5388993620872498
0.11920002847909927
3.1523118019104004
3.7614128589630127
0.3535533845424652
3.9269909858703613
3.9269909858703613
0.5
0.4032159745693207
6.0
0.0010924331145361066
-0.5694993734359741
0.10450003296136856
3.1831767559051514
3.775266170501709
0.3535533845424652
3.9269909858703613
3.9269909858703613
0.5
0.4159912168979645
6.0
0.0010924331145361066
-0.6102993488311768
0.12900003790855408
3.1752562522888184
3.753922462463379
0.3535533845424652
3.9269909858703613
3.9269909858703613
0.5
0.4538137912750244
6.0
0.0010924331145361066
-0.6204993724822998
0.153500035405159
3.1728315353393555
3.7480947971343994
0.3535533845424652
3.9269909858703613
3.9269909858703613
0.5
0.471931517124176
6.0
0.0010924331145361066
-0.594999372959137
0.11430002748966217
3.2319068908691406
3.8036065101623535
0.3535533845424652
3.9269909858703613
3.9269909858703613
0.5
0.43703171610832214
6.0
0.0010924331145361066
-0.6306993961334229
0.08490002900362015
3.2664878368377686
3.814077138900757
0.3535533845424652
3.9269909858703613
3.9269909858703613
0.5
0.4461614489555359
6.0
0.0010924331145361066
-0.5643993616104126
0.1633000373840332
3.255349636077881
3.8372175693511963
0.3535533845424652
3.9269909858703613
3.9269909858703613
0.5
0.4404256343841553
6.0
0.0010924331145361066
-0.6255993843078613
0.09470003098249435
3.3074185848236084
3.848273515701294
0.3535533845424652
3.9269909858703613
3.9269909858703613
0.5
0.44749706983566284
6.0
0.0010924331145361066
-0.6153993606567383
0.07510003447532654
3.350656747817993
3.88305401802063
0.3535533845424652
3.9269909858703613
3.9269909858703613
0.5
0.4316892623901367
6.0
0.0010924331145361066
-0.5643993616104126
0.10450003296136856
3.3719162940979004
3.9210572242736816
0.3535533845424652
3.9269909858703613
3.9269909858703613
0.5
0.41270706057548523
6.0
0.0010924331145361066
-0.6357993483543396
0.04570002853870392
3.424595832824707
3.9294471740722656
0.3535533845424652
3.9269909858703613
3.9269909858703613
0.5
0.4309665262699127
6.0
0.0010924331145361066
-0.6816993951797485
0.08490002900362015
3.405637741088867
3.894075870513916
0.3535533845424652
3.9269909858703613
3.9269909858703613
0.5
0.4790029525756836
6.0
0.0010924331145361066
-0.6255993843078613
0.1584000289440155
3.3866078853607178
3.8994028568267822
0.3535533845424652
3.9269909858703613
3.9269909858703613
0.5
0.477525532245636
6.0
0.0010924331145361066
-0.6714993715286255
0.055500030517578125
3.464531421661377
3.9297752380371094
0.3535533845424652
3.9269909858703613
3.9269909858703613
0.5
0.4585753381252289
6.0
0.0010924331145361066
-0.6306993961334229
0.07510003447532654
3.492090940475464
3.962974786758423
0.3535533845424652
3.9269909858703613
3.9269909858703613
0.5
0.44154173135757446
6.0
0.0010924331145361066
-0.6510993838310242
0.13390003144741058
3.458681344985962
3.923429012298584
0.3535533845424652
3.9269909858703613
3.9269909858703613
0.5
0.4823968708515167
6.0
0.0010924331145361066
-0.7020993828773499
0.13390003144741058
3.457401990890503
3.8939106464385986
0.3535533845424652
3.9269909858703613
3.9269909858703613
0.5
0.515238344669342
6.0
0.0010924331145361066
-0.6918993592262268
0.09960003197193146
3.4994709491729736
3.918728828430176
0.3535533845424652
3.9269909858703613
3.9269909858703613
0.5
0.49250084161758423
6.0
0.0010924331145361066
-0.6969993710517883
0.1682000309228897
3.4570329189300537
3.873408794403076
0.3535533845424652
3.9269909858703613
3.9269909858703613
0.5
0.5281233191490173
6.0
0.0010924331145361066
-0.7275993824005127
0.153500035405159
3.4635133743286133
3.852810859680176
0.3535533845424652
3.9269909858703613
3.9269909858703613
0.5
0.5408986210823059
6.0
0.0010924331145361066
-0.7785993814468384
0.1437000334262848
3.4547135829925537
3.806077241897583
0.3535533845424652
3.9269909858703613
3.9269909858703613
0.5
0.5691203474998474
6.0
0.0010924331145361066
-0.7326993942260742
0.1584000289440155
3.4692530632019043
3.8197214603424072
0.3535533845424652
3.9269909858703613
3.9269909858703613
0.5
0.5464926958084106
6.0
0.0010924331145361066
-0.7581993937492371
0.1633000373840332
3.459088087081909
3.7829532623291016
0.3535533845424652
3.9269909858703613
3.9269909858703613
0.5
0.5652233362197876
6.0
0.0010924331145361066
-0.7581993937492371
0.10940003395080566
3.5021135807037354
3.7928152084350586
0.3535533845424652
3.9269909858703613
3.9269909858703613
0.5
0.5398145914077759
6.0
0.0010924331145361066
-0.7734993696212769
0.1584000289440155
3.629049777984619
3.7456135749816895
0.37880879640579224
4.974188804626465
4.001252174377441
0.5
0.5668230652809143
2.0
67.1959457397461
-0.7530993819236755
0.1437000334262848
3.8595192432403564
3.7716312408447266
0.41246283054351807
4.974188804626465
4.111668586730957
0.5
0.5318769216537476
2.0
145.01788330078125
-0.7122993469238281
0.12410002946853638
4.054340839385986
3.832169771194458
0.4404686689376831
4.974188804626465
4.219451904296875
0.5
0.4766526520252228
2.0
200.3998260498047
-0.5388993620872498
0.153500035405159
4.204190731048584
3.946058750152588
0.46259862184524536
4.974188804626465
4.323185443878174
0.5
0.3789330720901489
2.0
237.93238830566406
-0.4725993573665619
0.24170003831386566
4.241302967071533
3.978001832962036
0.47902214527130127
4.974188804626465
4.421746730804443
0.5
0.38348692655563354
2.0
261.2716369628906
-0.3858993649482727
0.20740003883838654
4.339423179626465
4.1154632568359375
0.4902193546295166
4.974188804626465
4.514316558837891
0.5
0.3055209219455719
2.0
273.3904724121094
-0.2226993590593338
0.2809000313282013
4.350813388824463
4.2077202796936035
0.49686169624328613
4.974188804626465
4.6003642082214355
0.5
0.2742319107055664
2.0
276.73944091796875
-0.1512993574142456
0.3152000308036804
4.331188678741455
4.283507347106934
0.49972307682037354
4.974188804626465
4.679609775543213
0.5
0.26328498125076294
2.0
273.3509216308594
-0.12069935351610184
0.3005000352859497
4.323761463165283
4.388561725616455
0.4996016323566437
4.974188804626465
4.751977920532227
0.5
0.23761682212352753
2.0
264.9069519042969
-0.08499935269355774
0.37400004267692566
4.2342400550842285
4.4237446784973145
0.4972286522388458
4.974188804626465
4.817550182342529
0.5
0.27097636461257935
2.0
252.78819274902344
0.05270065367221832
0.4181000292301178
4.19276237487793
4.5012664794921875
0.49327147006988525
4.974188804626465
4.876522541046143
0.5
0.26262351870536804
2.0
238.11727905273438
0.02720065228641033
0.36910003423690796
4.170811176300049
4.612441062927246
0.4882892370223999
4.974188804626465
4.92917013168335
0.5
0.23482665419578552
2.0
221.79318237304688
0.09860065579414368
0.4181000292301178
4.110574722290039
4.6700544357299805
0.4827423691749573
4.974188804626465
4.975818157196045
0.5
0.25220346450805664
2.0
204.52484130859375
0.18020065128803253
0.4426000416278839
4.081480979919434
4.745744705200195
0.47700321674346924
4.974188804626465
5.016820430755615
0.5
0.2553766667842865
2.0
186.86199951171875
0.18530066311359406
0.4132000207901001
4.07282018661499
4.844272613525391
0.47134435176849365
4.974188804626465
5.052543640136719
0.5
0.23714497685432434
2.0
169.22300720214844
0.24140065908432007
0.4328000247478485
4.056368827819824
4.913060188293457
0.46598246693611145
4.974188804626465
5.083355903625488
0.5
0.24443495273590088
2.0
151.91932678222656
0.2669006586074829
0.4475000500679016
4.042327880859375
4.9786601066589355
0.4610597491264343
4.974188804626465
5.109620571136475
0.5
0.2526741623878479
2.0
135.17747497558594
0.22100065648555756
0.47690004110336304
3.9993252754211426
5.026651382446289
0.4566821753978729
4.974188804626465
5.13169002532959
0.5
0.27505040168762207
2.0
119.15673828125
0.27200067043304443
0.4475000500679016
4.045450687408447
5.120795249938965
0.4528954029083252
4.974188804626465
5.149906635284424
0.5
0.2546376585960388
2.0
103.96443176269531
0.3383006751537323
0.5259000062942505
4.029262542724609
5.141048908233643
0.44973793625831604
4.974188804626465
5.164597034454346
0.5
0.2992691099643707
2.0
89.66792297363281
0.30770066380500793
0.46710002422332764
4.0949602127075195
5.250524997711182
0.4471997618675232
4.974188804626465
5.17607307434082
0.5
0.266232967376709
2.0
76.30430603027344
0.27710065245628357
0.49650004506111145
4.099508762359619
5.298343181610107
0.4452666938304901
4.974188804626465
5.184632301330566
0.5
0.28528374433517456
2.0
63.8883171081543
0.31280067563056946
0.5112000107765198
4.146768569946289
5.355199337005615
0.4439185857772827
4.974188804626465
5.19055700302124
0.5
0.2931043207645416
2.0
52.417903900146484
0.31280067563056946
0.48670002818107605
4.218872547149658
5.4379706382751465
0.4430922865867615
4.974188804626465
5.194113731384277
0.5
0.2788078784942627
2.0
41.878700256347656
0.2465006560087204
0.48670002818107605
4.253636360168457
5.501717567443848
0.4427562654018402
4.974188804626465
5.195556163787842
0.5
0.28067684173583984
2.0
32.24742889404297
0.29240065813064575
0.560200035572052
4.271764755249023
5.513910293579102
0.44285720586776733
4.974188804626465
5.195122718811035
0.5
0.3228211998939514
2.0
23.494997024536133
0.25670066475868225
0.47690004110336304
4.385951042175293
5.629751205444336
0.4433429539203644
4.974188804626465
5.193037986755371
0.5
0.2745591104030609
2.0
15.58742904663086
0.23630066215991974
0.5161000490188599
4.4157328605651855
5.662182807922363
0.4441559910774231
4.974188804626465
5.189513683319092
0.5
0.29832008481025696
2.0
8.487826347351074
0.23630066215991974
0.579800009727478
4.430336952209473
5.674348831176758
0.44524085521698
4.974188804626465
5.184745788574219
0.5
0.3361322283744812
2.0
2.1566104888916016
0.14450065791606903
0.5847000479698181
4.454880714416504
5.7188825607299805
0.44656699895858765
4.974188804626465
5.17891788482666
0.5
0.34264886379241943
2.0
-3.4471943378448486
0.13430064916610718
0.5749000310897827
4.516420364379883
5.771500587463379
0.44805967807769775
4.974188804626465
5.172200679779053
0.5
0.3377456068992615
2.0
-8.36459732055664
0.13430064916610718
0.6288000345230103
4.530920505523682
5.777339458465576
0.4497043788433075
4.974188804626465
5.164752006530762
0.5
0.37065958976745605
2.0
-12.638007164001465
0.06290065497159958
0.6141000390052795
4.57240629196167
5.823948383331299
0.4514445662498474
4.974188804626465
5.1567158699035645
0.5
0.36632221937179565
2.0
-16.309202194213867
0.04250065237283707
0.6484000086784363
4.587676048278809
5.834109306335449
0.45325005054473877
4.974188804626465
5.148225784301758
0.5
0.38936635851860046
2.0
-19.42007064819336
0.103700652718544
0.7366000413894653
4.5864691734313965
5.806609153747559
0.45509812235832214
4.974188804626465
5.139400959014893
0.5
0.4403000771999359
2.0
-22.01202392578125
0.006800651550292969
0.7415000200271606
4.580348014831543
5.813473224639893
0.4569571614265442
4.974188804626465
5.1303510665893555
0.5
0.4513002932071686
2.0
-24.125534057617188
-0.0237993486225605
0.7807000279426575
4.566234111785889
5.796604633331299
0.4587949514389038
4.974188804626465
5.121173858642578
0.5
0.4793926179409027
2.0
-25.80014991760254
0.006800651550292969
0.8689000606536865
4.518134117126465
5.735485076904297
0.46060609817504883
4.974188804626465
5.111956596374512
0.5
0.5330666899681091
2.0
-27.074617385864258
-0.06969935446977615
0.8640000224113464
4.492280960083008
5.719065189361572
0.4623757004737854
4.974188804626465
5.102775573730469
0.5
0.5388283729553223
2.0
-27.986112594604492
-0.12069935351610184
0.917900025844574
4.419864177703857
5.654415130615234
0.4640865623950958
4.974188804626465
5.0936994552612305
0.5
0.5793908834457397
2.0
-28.570409774780273
-0.10539935529232025
1.0306000709533691
4.311483860015869
5.5407209396362305
0.4657210111618042
4.974188804626465
5.084786415100098
0.5
0.6505466103553772
2.0
-28.861703872680664
-0.14619936048984528
1.0698000192642212
3.8845055103302
5.495180606842041
0.4519619047641754
6.02138614654541
5.154326915740967
0.5
0.6526288986206055
3.0
41.893951416015625
-0.18189935386180878
1.0501999855041504
3.2758941650390625
5.521819114685059
0.426660418510437
6.02138614654541
5.260837554931641
0.5
0.5944253206253052
3.0
122.86834716796875
0.02720065228641033
1.0012000799179077
2.7487428188323975
5.572624683380127
0.39770597219467163
6.02138614654541
5.3634934425354
0.5
0.5332169532775879
3.0
179.5386505126953
0.09860065579414368
0.8591000437736511
2.250286817550659
5.692562580108643
0.3662582337856293
6.02138614654541
5.461173057556152
0.5
0.43421414494514465
3.0
217.2324981689453
0.18020065128803253
0.6974000334739685
1.7942231893539429
5.819667339324951
0.3334786295890808
6.02138614654541
5.553050994873047
0.5
0.34754499793052673
3.0
240.15423583984375
0.2822006642818451
0.5847000479698181
1.3536672592163086
5.916730880737305
0.30043524503707886
6.02138614654541
5.6385817527771
0.5
0.3079299032688141
3.0
251.6616668701172
0.3944006562232971
0.37400004267692566
1.0517927408218384
6.041443347930908
0.26800891757011414
6.02138614654541
5.71746826171875
0.5
0.25540879368782043
3.0
254.4556884765625
0.4505006670951843
0.22210003435611725
0.750223696231842
6.148982048034668
0.2368839681148529
6.02138614654541
5.789614200592041
0.5
0.2280551791191101
3.0
250.711669921875
0.5882006883621216
0.1388000249862671
0.49949219822883606
6.19085693359375
0.20757201313972473
6.02138614654541
5.855081081390381
0.5
0.26596683263778687
3.0
242.17807006835938
0.5576006770133972
-0.008199970237910748
0.2881195843219757
6.307579517364502
0.1804046779870987
6.02138614654541
5.914047718048096
0.5
0.23120859265327454
3.0
230.24969482421875
0.5168006420135498
-0.08659996837377548
0.0740174800157547
6.411570072174072
0.15557807683944702
6.02138614654541
5.966772079467773
0.5
0.2119932919740677
3.0
216.029541015625
0.5525006651878357
0.0065000299364328384
-0.20429424941539764
6.441936016082764
0.1331821084022522
6.02138614654541
6.013566017150879
0.5
0.2595602869987488
3.0
200.37960815429688
0.5117006897926331
-0.09149996936321259
-0.33192744851112366
6.5458598136901855
0.11321507394313812
6.02138614654541
6.054770469665527
0.5
0.23531830310821533
3.0
183.96469116210938
0.5219006538391113
-0.111099973320961
-0.46462106704711914
6.609502792358398
0.09562752395868301
6.02138614654541
6.0907416343688965
0.5
0.2483145296573639
3.0
167.2900848388672
0.5219006538391113
-0.08169996738433838
-0.6132103800773621
6.673243999481201
0.08032314479351044
6.02138614654541
6.121838569641113
0.5
0.2607060670852661
3.0
150.7333526611328
0.47600066661834717
-0.07189997285604477
-0.7387869358062744
6.767442226409912
0.06717986613512039
6.02138614654541
6.148417949676514
0.5
0.2445681095123291
3.0
134.57077026367188
0.4505006670951843
-0.1159999743103981
-0.7916430830955505
6.857387542724609
0.05606091395020485
6.02138614654541
6.170826435089111
0.5
0.23294629156589508
3.0
118.99979400634766
0.5270006656646729
-0.06209997087717056
-0.8582033514976501
6.878594398498535
0.046822886914014816
6.02138614654541
6.189400672912598
0.5
0.282594233751297
3.0
104.15653991699219
0.5168006420135498
-0.04249997064471245
-0.90742027759552
6.947998523712158
0.0393204391002655
6.02138614654541
6.204462051391602
0.5
0.28167006373405457
3.0
90.13043975830078
0.49130067229270935
-0.013099970296025276
-0.9556260108947754
7.026823043823242
0.033408015966415405
6.02138614654541
6.216318607330322
0.5
0.27148759365081787
3.0
76.97551727294922
0.5627006888389587
0.026100030168890953
-0.9622330069541931
7.0395827293396
0.02894419990479946
6.02138614654541
6.225264072418213
0.5
0.3144749701023102
3.0
64.71932220458984
0.6239006519317627
0.12410002946853638
-1.0035426616668701
7.046913146972656
0.02579212188720703
6.02138614654541
6.2315778732299805
0.5
0.3532651364803314
3.0
53.36968994140625
0.6647006869316101
0.09960003197193146
-0.947452962398529
7.063516616821289
0.023821434006094933
6.02138614654541
6.2355241775512695
0.5
0.37593376636505127
3.0
42.920135498046875
0.771800696849823
0.25150004029273987
-0.9897390007972717
7.021920204162598
0.022907551378011703
6.02138614654541
6.237353801727295
0.5
0.4410198926925659
3.0
33.35344696044922
0.8636006712913513
0.32990002632141113
-0.9801696538925171
6.975425720214844
0.022932806983590126
6.02138614654541
6.237303256988525
0.5
0.49495232105255127
3.0
24.644596099853516
0.8789007067680359
0.3936000466346741
-1.9031909704208374
6.956417560577393
-0.036931898444890976
0.785398006439209
0.07393127679824829
0.5
0.508304238319397
1.0
121.52281951904297
1.0115007162094116
0.37890002131462097
-2.6787123680114746
6.854096412658691
-0.09344002604484558
0.785398006439209
0.18798843026161194
0.5
0.5894960761070251
1.0
188.33883666992188
1.0574007034301758
0.2907000184059143
-3.34165620803833
6.774968147277832
-0.14542926847934723
0.785398006439209
0.2951250970363617
0.5
0.6302440762519836
1.0
231.8761444091797
1.0166007280349731
0.1388000249862671
-3.8806345462799072
6.721644878387451
-0.19220778346061707
0.785398006439209
0.3945787847042084
0.5
0.6365229487419128
1.0
257.5083923339844
1.00640070438385
0.055500030517578125
-4.361219882965088
6.656893730163574
-0.23351551592350006
0.785398006439209
0.48593971133232117
0.5
0.6531658172607422
1.0
269.5217590332031
0.9554007053375244
-0.04249997064471245
-4.752616882324219
6.610518455505371
-0.26942676305770874
0.785398006439209
0.5690868496894836
0.5
0.6515312790870667
1.0
271.34100341796875
0.8024007081985474
-0.17969997227191925
-5.069379806518555
6.622743606567383
-0.30024099349975586
0.785398006439209
0.6441178321838379
0.5
0.6029813289642334
1.0
265.6919860839844
0.6443006992340088
-0.21399997174739838
-5.408576011657715
6.704301357269287
-0.32640340924263
0.785398006439209
0.7112862467765808
0.5
0.5151230096817017
1.0
254.72848510742188
0.5576006770133972
-0.20909997820854187
-5.706073760986328
6.770498752593994
-0.34840384125709534
0.785398006439209
0.7709477543830872
0.5
0.4575510323047638
1.0
240.13417053222656
0.3536006510257721
-0.2825999855995178
-5.952239513397217
6.89965295791626
-0.366768479347229
0.785398006439209
0.8235193490982056
0.5
0.36340734362602234
1.0
223.20913696289062
0.29240065813064575
-0.30219995975494385
-6.160301685333252
6.975622653961182
-0.38198322057724
0.785398006439209
0.8694493770599365
0.5
0.3373032510280609
1.0
204.9436492919922
0.2618006467819214
-0.31689998507499695
-6.330879211425781
7.037511348724365
-0.39450275897979736
0.785398006439209
0.9091964364051819
0.5
0.32840803265571594
1.0
186.08026123046875
0.18530066311359406
-0.3609999716281891
-6.477894306182861
7.121218681335449
-0.404721736907959
0.785398006439209
0.9432161450386047
0.5
0.30762162804603577
1.0
167.16650390625
0.16490066051483154
-0.3413999676704407
-6.630620956420898
7.206796646118164
-0.41298890113830566
0.785398006439209
0.971952497959137
0.5
0.2870594561100006
1.0
148.59814453125
0.25670066475868225
-0.32179996371269226
-6.72189998626709
7.214082717895508
-0.4196019768714905
0.785398006439209
0.9958324432373047
0.5
0.33243969082832336
1.0
130.65380859375
0.1751006543636322
-0.3854999840259552
-6.7915425300598145
7.273195743560791
-0.4248036742210388
0.785398006439209
1.0152642726898193
0.5
0.3212539851665497
1.0
113.5238265991211
0.2312006652355194
-0.42959997057914734
-6.809736728668213
7.2492852210998535
-0.42881277203559875
0.785398006439209
1.0306366682052612
0.5
0.3803655207157135
1.0
97.3321762084961
0.3740006685256958
-0.4001999795436859
-6.832156181335449
7.2058634757995605
-0.4317856431007385
0.785398006439209
1.0423177480697632
0.5
0.4469349682331085
1.0
82.15353393554688
0.36380067467689514
-0.4834999740123749
-6.799821376800537
7.164797306060791
-0.43386727571487427
0.785398006439209
1.0506572723388672
0.5
0.48931559920310974
1.0
68.0267333984375
0.4658006727695465
-0.4981999695301056
-6.761197090148926
7.086162090301514
-0.4351913332939148
0.785398006439209
1.0559853315353394
0.5
0.5566374659538269
1.0
54.96427917480469
0.6545006632804871
-0.45409998297691345
-6.7102813720703125
6.96615743637085
-0.43583232164382935
0.785398006439209
1.058614730834961
0.5
0.6392372250556946
1.0
42.95999526977539
0.7106006741523743
-0.5471999645233154
-6.777555465698242
6.822237014770508
-0.45463770627975464
1.8325963020324707
1.1415430307388306
0.5
0.7178297638893127
5.0
106.81041717529297
0.7463006973266602
-0.5667999982833862
-6.8914594650268555
6.743157386779785
-0.476016640663147
1.8325963020324707
1.2598657608032227
0.5
0.7283983826637268
5.0
181.098388671875
0.7106006741523743
-0.5471999645233154
-6.951744079589844
6.750370979309082
-0.4899951219558716
1.8325963020324707
1.3704935312271118
0.5
0.6712552309036255
5.0
229.5062713623047
0.50150066614151
-0.5569999814033508
-6.964532852172852
6.828826427459717
-0.4975960850715637
1.8325963020324707
1.4727030992507935
0.5
0.5642677545547485
5.0
258.1156005859375
0.3026006519794464
-0.5569999814033508
-6.93313455581665
6.925337791442871
-0.4999857544898987
1.8325963020324707
1.566150188446045
0.5
0.4729984700679779
5.0
271.75933837890625
0.2108006626367569
-0.42959997057914734
-6.9338202476501465
7.096099376678467
-0.49839162826538086
1.8325963020324707
1.6507927179336548
0.5
0.345794141292572
5.0
274.2789001464844
0.05270065367221832
-0.4883999824523926
-6.809682846069336
7.161436557769775
-0.4939197301864624
1.8325963020324707
1.7268091440200806
0.5
0.33426612615585327
5.0
268.7106628417969
-0.06969935446977615
-0.4834999740123749
-6.710666179656982
7.260751247406006
-0.4875314235687256
1.8325963020324707
1.794529676437378
0.5
0.30056971311569214
5.0
257.4346008300781
-0.0594993494451046
-0.42469996213912964
-6.605815410614014
7.372447490692139
-0.4800261855125427
1.8325963020324707
1.8543784618377686
0.5
0.2623934745788574
5.0
242.29518127441406
-0.1512993574142456
-0.44429996609687805
-6.486606597900391
7.446905612945557
-0.4720262289047241
1.8325963020324707
1.906831979751587
0.5
0.26082056760787964
5.0
224.7037353515625
-0.23289935290813446
-0.43939998745918274
-6.395980358123779
7.5349016189575195
-0.46403345465660095
1.8325963020324707
1.9523885250091553
0.5
0.24988701939582825
5.0
205.72494506835938
-0.1869993507862091
-0.42469996213912964
-6.288765907287598
7.62042760848999
-0.45638394355773926
1.8325963020324707
1.9915486574172974
0.5
0.24563632905483246
5.0
186.1494140625
-0.2379993498325348
-0.47369998693466187
-6.177984714508057
7.663341999053955
-0.44934847950935364
1.8325963020324707
2.0248029232025146
0.5
0.27277547121047974
5.0
166.5543670654297
-0.22779935598373413
-0.5128999948501587
-6.067373752593994
7.7064337730407715
-0.4430682063102722
1.8325963020324707
2.052624464035034
0.5
0.2966579496860504
5.0
147.3525390625
-0.2226993590593338
-0.46879997849464417
-6.038183689117432
7.801619052886963
-0.4376639723777771
1.8325963020324707
2.0754642486572266
0.5
0.270758718252182
5.0
128.83123779296875
-0.2226993590593338
-0.5863999724388123
-5.898656368255615
7.784945011138916
-0.43316560983657837
1.8325963020324707
2.093752145767212
0.5
0.33858224749565125
5.0
111.18431854248047
-0.26349934935569763
-0.6207000017166138
-5.843783855438232
7.812198638916016
-0.42959266901016235
1.8325963020324707
2.1078946590423584
0.5
0.35790225863456726
5.0
94.53588104248047
-0.14109934866428375
-0.6207000017166138
-5.762851715087891
7.856305122375488
-0.42691177129745483
1.8325963020324707
2.118276834487915
0.5
0.3555583953857422
5.0
78.95912170410156
-0.1665993481874466
-0.7823999524116516
-5.613173961639404
7.78253173828125
-0.42508602142333984
1.8325963020324707
2.12526273727417
0.5
0.44687747955322266
5.0
64.49043273925781
-0.11559934914112091
-0.8804000020027161
-5.471877098083496
7.731453895568848
-0.42404410243034363
1.8325963020324707
2.1291959285736084
0.5
0.5004526376724243
5.0
51.1389045715332
-0.0237993486225605
-0.9685999751091003
-4.796679496765137
7.704166889190674
-0.4002153277397156
2.879793405532837
2.2135558128356934
0.5
0.5187509059906006
4.0
114.119384765625
-0.12579935789108276
-1.06659996509552
-3.8619983196258545
7.676548480987549
-0.36164402961730957
2.879793405532837
2.3330328464508057
0.5
0.5341300964355469
4.0
187.50155639648438
-0.2430993616580963
-1.042099952697754
-3.0036027431488037
7.708419322967529
-0.321058452129364
2.879793405532837
2.444326877593994
0.5
0.5016611218452454
4.0
234.81854248046875
-0.33999934792518616
-0.8657000064849854
-2.287541627883911
7.809857368469238
-0.2801685929298401
2.879793405532837
2.5467872619628906
0.5
0.42246732115745544
4.0
262.2624206542969
-0.4215993583202362
-0.7333999872207642
-1.5971393585205078
7.88566780090332
-0.24034512042999268
2.879793405532837
2.640146255493164
0.5
0.38091444969177246
4.0
274.75115966796875
-0.5643993616104126
-0.5961999893188477
-1.0137910842895508
7.9218573570251465
-0.2025834023952484
2.879793405532837
2.724431276321411
0.5
0.38272643089294434
4.0
276.18365478515625
-0.5745993852615356
-0.4001999795436859
-0.5260456204414368
8.013096809387207
-0.16754770278930664
2.879793405532837
2.7998828887939453
0.5
0.3377831280231476
4.0
269.63189697265625
-0.6153993606567383
-0.28749996423721313
-0.07800236344337463
8.057247161865234
-0.1356317102909088
2.879793405532837
2.86688232421875
0.5
0.33831945061683655
4.0
257.492919921875
-0.6816993951797485
-0.243399977684021
0.33397942781448364
8.06589126586914
-0.10701271891593933
2.879793405532837
2.9258947372436523
0.5
0.37054744362831116
4.0
241.6149139404297
-0.6153993606567383
-0.15519997477531433
0.690244734287262
8.148635864257812
-0.08171283453702927
2.879793405532837
2.9774277210235596
0.5
0.33390289545059204
4.0
223.40432739257812
-0.6204993724822998
-0.1257999688386917
1.0010013580322266
8.1885404586792
-0.05965081602334976
2.879793405532837
3.0220046043395996
0.5
0.3410116136074066
4.0
203.9158172607422
-0.6408993601799011
-0.20909997820854187
1.343818187713623
8.211882591247559
-0.040678463876247406
2.879793405532837
3.0601444244384766
0.5
0.3627508878707886
4.0
183.92774963378906
-0.5694993734359741
-0.09639997035264969
1.5225334167480469
8.304901123046875
-0.0246104896068573
2.879793405532837
3.0923519134521484
0.5
0.3222212791442871
4.0
164.00418090820312
-0.5643993616104126
-0.111099973320961
1.7276382446289062
8.352328300476074
-0.011240152642130852
2.879793405532837
3.119110345840454
0.5
0.3232060968875885
4.0
144.54505920410156
-0.6357993483543396
-0.18459996581077576
1.914316177368164
8.3499755859375
-0.00035642817965708673
2.879793405532837
3.1408798694610596
0.5
0.3670139014720917
4.0
125.82707214355469
-0.6306993961334229
-0.16989997029304504
2.0270376205444336
8.389036178588867
0.008251737803220749
2.879793405532837
3.158097267150879
0.5
0.36567896604537964
4.0
108.03416442871094
-0.7071993947029114
-0.18949997425079346
2.104546546936035
8.371769905090332
0.014788721688091755
2.879793405532837
3.171175003051758
0.5
0.41135141253471375
4.0
91.28233337402344
-0.8295993804931641
-0.32179996371269226
2.225795269012451
8.315704345703125
0.019449759274721146
2.879793405532837
3.180502414703369
0.5
0.48101353645324707
4.0
75.63800811767578
-0.8907994031906128
-0.3658999800682068
2.277015209197998
8.280465126037598
0.022420022636651993
2.879793405532837
3.186448574066162
0.5
0.5161536335945129
4.0
61.13215637207031
-0.9876993894577026
-0.4883999824523926
2.3567745685577393
8.206842422485352
0.023874754086136818
2.879793405532837
3.1893608570098877
0.5
0.569767415523529
4.0
47.76969528198242
-1.1151994466781616
-0.6353999972343445
2.798210620880127
8.100668907165527
0.044889114797115326
3.9269909858703613
3.2314934730529785
0.5
0.6365934014320374
6.0
75.36693572998047
-1.1814993619918823
-0.6647999882698059
3.843135118484497
8.03458023071289
0.1044122651219368
3.9269909858703613
3.3519675731658936
0.5
0.6567845344543457
6.0
159.64454650878906
-1.2273993492126465
-0.601099967956543
4.717005252838135
7.963550090789795
0.1586913764476776
3.9269909858703613
3.464566707611084
0.5
0.6746546030044556
6.0
215.3012237548828
-1.2273993492126465
-0.5079999566078186
5.454813003540039
7.911566734313965
0.2070455253124237
3.9269909858703613
3.568542242050171
0.5
0.674198567867279
6.0
249.10586547851562
-1.1253993511199951
-0.3658999800682068
6.058963775634766
7.91319465637207
0.2492804229259491
3.9269909858703613
3.663541316986084
0.5
0.6286355257034302
6.0
266.4158935546875
-0.9978994131088257
-0.2335999757051468
6.561266899108887
7.939627170562744
0.28558027744293213
3.9269909858703613
3.7495248317718506
0.5
0.5739408135414124
6.0
271.4710998535156
-0.8346993923187256
-0.16009996831417084
7.026742458343506
8.03134536743164
0.3163677155971527
3.9269909858703613
3.8266823291778564
0.5
0.481685996055603
6.0
267.6102600097656
-0.6867993474006653
-0.1061999723315239
7.4242634773254395
8.140125274658203
0.3421887755393982
3.9269909858703613
3.895359754562378
0.5
0.39732927083969116
6.0
257.4409484863281
-0.5286993384361267
0.021200031042099
7.710142135620117
8.232868194580078
0.36365216970443726
3.9269909858703613
3.9559974670410156
0.5
0.34794071316719055
6.0
242.97767639160156
-0.46749937534332275
0.016300030052661896
8.012125015258789
8.344592094421387
0.38134998083114624
3.9269909858703613
4.009089469909668
0.5
0.30170077085494995
6.0
225.75787353515625
-0.39609935879707336
0.08000002801418304
8.222270965576172
8.425994873046875
0.3958335816860199
3.9269909858703613
4.055150032043457
0.5
0.28645917773246765
6.0
206.93873596191406
-0.35529935359954834
0.153500035405159
8.3768949508667
8.48043441772461
0.4076010584831238
3.9269909858703613
4.0946946144104
0.5
0.29877111315727234
6.0
187.378662109375
-0.43179935216903687
0.13390003144741058
8.5206298828125
8.50195026397705
0.4170796275138855
3.9269909858703613
4.1282267570495605
0.5
0.3320121765136719
6.0
167.70315551757812
-0.44709935784339905
0.17310002446174622
8.61125659942627
8.51533317565918
0.4246376156806946
3.9269909858703613
4.1562299728393555
0.5
0.36084988713264465
6.0
148.3594512939453
-0.4929993748664856
0.2662000358104706
8.614995956420898
8.451475143432617
0.4305787682533264
3.9269909858703613
4.179166793823242
0.5
0.4390230178833008
6.0
129.66000366210938
-0.6969993710517883
0.2907000184059143
8.581836700439453
8.309921264648438
0.4351665675640106
3.9269909858703613
4.197476387023926
0.5
0.5690489411354065
6.0
111.81592559814453
-0.7938993573188782
0.35440003871917725
8.696070671081543
8.20265007019043
0.46480128169059753
4.974188804626465
4.3349609375
0.5
0.6345545053482056
2.0
201.32691955566406
-0.7224993705749512
0.4377000331878662
8.669306755065918
8.177281379699707
0.48463815450668335
4.974188804626465
4.463919639587402
0.5
0.6188495755195618
2.0
260.29168701171875
-0.594999372959137
0.38870003819465637
8.625147819519043
8.292351722717285
0.4958242177963257
4.974188804626465
4.583202838897705
0.5
0.49790018796920776
2.0
295.6352233886719
-0.365499347448349
0.33970004320144653
8.532065391540527
8.47114372253418
0.499889612197876
4.974188804626465
4.692214012145996
0.5
0.3524799346923828
2.0
312.9645690917969
-0.18189935386180878
0.3103000223636627
8.364950180053711
8.633145332336426
0.49845486879348755
4.974188804626465
4.790798187255859
0.5
0.2584472596645355
2.0
316.81597900390625
-0.10539935529232025
0.24170003831386566
8.17275619506836
8.805992126464844
0.49305665493011475
4.974188804626465
4.8791279792785645
0.5
0.18344169855117798
2.0
310.83062744140625
0.03740065172314644
0.18290002644062042
7.996603488922119
8.992803573608398
0.48504313826560974
4.974188804626465
4.95759391784668
0.5
0.11143378168344498
2.0
297.8943786621094
0.14960065484046936
0.21720002591609955
7.752296447753906
9.103910446166992
0.47549331188201904
4.974188804626465
5.026719570159912
0.5
0.11698413640260696
2.0
280.25982666015625
0.18530066311359406
0.1388000249862671
7.588138103485107
9.282886505126953
0.46529847383499146
4.974188804626465
5.087097644805908
0.5
0.06778649240732193
2.0
259.65509033203125
0.19040066003799438
0.11430002748966217
7.402927398681641
9.423473358154297
0.45510920882225037
4.974188804626465
5.139347076416016
0.5
0.057110853493213654
2.0
237.3825225830078
0.2822006642818451
0.22700002789497375
7.169567584991455
9.468243598937988
0.44539153575897217
4.974188804626465
5.184083938598633
0.5
0.1250448226928711
2.0
214.40480041503906
0.24140065908432007
0.19270002841949463
7.028382778167725
9.60164737701416
0.43648213148117065
4.974188804626465
5.22190523147583
0.5
0.10988055914640427
2.0
191.41891479492188
0.22610065340995789
0.23680002987384796
6.867822170257568
9.682337760925293
0.4285968542098999
4.974188804626465
5.253380298614502
0.5
0.1379438042640686
2.0
168.91748046875
0.2465006560087204
0.4524000287055969
6.609835624694824
9.64240837097168
0.4218451976776123
4.974188804626465
5.27904748916626
0.5
0.26153090596199036
2.0
147.2393798828125
0.17000065743923187
0.5161000490188599
6.432992935180664
9.682252883911133
0.4162918031215668
4.974188804626465
5.299414157867432
0.5
0.29364773631095886
2.0
126.60790252685547
0.103700652718544
0.6876000165939331
6.175124645233154
9.630081176757812
0.41193872690200806
4.974188804626465
5.3149566650390625
0.5
0.383119136095047
2.0
107.16324615478516
0.07310065627098083
0.9277000427246094
5.867898941040039
9.509119033813477
0.40875110030174255
4.974188804626465
5.3261237144470215
0.5
0.5099846720695496
2.0
88.98478698730469
-0.013599349185824394
1.0796000957489014
4.491693496704102
9.484965324401855
0.3671487867832184
6.02138614654541
5.458541393280029
0.5
0.5264974236488342
3.0
180.0164337158203
0.02720065228641033
1.0845000743865967
3.221400737762451
9.540525436401367
0.32266682386398315
6.02138614654541
5.581717014312744
0.5
0.4727214574813843
3.0
239.497314453125
0.24140065908432007
1.0404000282287598
2.081563711166382
9.571006774902344
0.27749279141426086
6.02138614654541
5.6948370933532715
0.5
0.45621803402900696
3.0
274.9010314941406
0.3179006576538086
0.7905000448226929
1.147043228149414
9.710477828979492
0.2333689033985138
6.02138614654541
5.797577381134033
0.5
0.3588302731513977
3.0
292.1872253417969
0.460700660943985
0.4524000287055969
0.44260334968566895
9.822436332702637
0.1915718913078308
6.02138614654541
5.889986991882324
0.5
0.30240505933761597
3.0
296.0923156738281
0.6341006755828857
0.2711000442504883
-0.2127092182636261
9.838536262512207
0.1529126614332199
6.02138614654541
5.97237491607666
0.5
0.33918261528015137
3.0
290.3497009277344
0.7106006741523743
0.011400029994547367
-0.6943081021308899
9.885637283325195
0.11786285787820816
6.02138614654541
6.045216083526611
0.5
0.3446524143218994
3.0
277.86822509765625
0.6749006509780884
-0.08169996738433838
-1.2216119766235352
9.946962356567383
0.08661343902349472
6.02138614654541
6.109078407287598
0.5
0.3353533148765564
3.0
260.8828125
0.7361006736755371
-0.1306999772787094
-1.6443052291870117
9.941634178161621
0.05916735529899597
6.02138614654541
6.1645708084106445
0.5
0.3826483488082886
3.0
241.08538818359375
0.6596006751060486
-0.1208999752998352
-2.07572340965271
10.009769439697266
0.035406868904829025
6.02138614654541
6.212311744689941
0.5
0.35858237743377686
3.0
219.73623657226562
0.6545006632804871
-0.1306999772787094
-2.396266222000122
10.034418106079102
0.015137407928705215
6.02138614654541
6.252905368804932
0.5
0.36845290660858154
3.0
197.7579803466797
0.7667006850242615
-0.06209997087717056
-2.6672422885894775
9.979901313781738
-0.0018732079770416021
6.02138614654541
0.003746509552001953
0.5
0.44375720620155334
3.0
175.8130645751953
0.8177006840705872
-0.03269997239112854
-2.877440929412842
9.950486183166504
-0.01587502658367157
6.02138614654541
0.0317559577524662
0.5
0.48119914531707764
3.0
154.36708068847656
0.8993006944656372
0.06530003249645233
-3.076249361038208
9.886067390441895
-0.027119692414999008
6.02138614654541
0.0542670302093029
0.5
0.5323355793952942
3.0
133.7375946044922
1.0982006788253784
0.22210003435611725
-4.492138862609863
9.71019172668457
-0.09752799570560455
0.785398006439209
0.19631458818912506
0.5
0.6643898487091064
1.0
221.48678588867188
1.2206007242202759
0.153500035405159
-5.593495845794678
9.53689193725586
-0.16134928166866302
0.785398006439209
0.32858365774154663
0.5
0.7652759552001953
1.0
278.0674743652344
1.1543006896972656
0.055500030517578125
-6.540637969970703
9.47161865234375
-0.21750810742378235
0.785398006439209
0.4500642716884613
0.5
0.7513458728790283
1.0
310.6866149902344
1.1645007133483887
0.0016000298783183098
-7.3008012771606445
9.36494255065918
-0.2657284140586853
0.785398006439209
0.5603300929069519
0.5
0.7752301096916199
1.0
325.18719482421875
0.9248006939888
-0.1306999772787094
-7.924107551574707
9.417243003845215
-0.30631718039512634
0.785398006439209
0.6594008207321167
0.5
0.6642292737960815
1.0
326.2821350097656
0.6596006751060486
-0.28749996423721313
-8.408804893493652
9.497454643249512
-0.3399409055709839
0.785398006439209
0.7476065754890442
0.5
0.5590553283691406
1.0
317.72998046875
0.49130067229270935
-0.2825999855995178
-8.876289367675781
9.617559432983398
-0.36742860078811646
0.785398006439209
0.8254721760749817
0.5
0.4511656165122986
1.0
302.4828186035156
0.2669006586074829
-0.29729998111724854
-9.275915145874023
9.79611873626709
-0.38967108726501465
0.785398006439209
0.893629252910614
0.5
0.3203543424606323
1.0
282.8194580078125
0.10880065709352493
-0.3413999676704407
-9.570877075195312
9.929927825927734
-0.4075004458427429
0.785398006439209
0.9527551531791687
0.5
0.25144922733306885
1.0
260.4672546386719
0.14960065484046936
-0.3854999840259552
-9.742302894592285
9.938516616821289
-0.42168158292770386
0.785398006439209
1.0035322904586792
0.5
0.30520957708358765
1.0
236.71060180664062
0.1547006517648697
-0.4197999835014343
-9.883016586303711
9.966219902038574
-0.43286266922950745
0.785398006439209
1.0466244220733643
0.5
0.3316322863101959
1.0
212.48513793945312
0.1547006517648697
-0.4932999610900879
-9.94805908203125
9.952669143676758
-0.44159966707229614
0.785398006439209
1.0826653242111206
0.5
0.3778853714466095
1.0
188.4580535888672
0.3536006510257721
-0.5226999521255493
-9.933527946472168
9.827298164367676
-0.44834092259407043
0.785398006439209
1.1122514009475708
0.5
0.5085176229476929
1.0
165.09178161621094
0.5270006656646729
-0.5716999769210815
-9.944257736206055
9.672282218933105
-0.46194908022880554
1.8325963020324707
1.1781468391418457
0.5
0.6308495998382568
5.0
182.79164123535156
0.5882006883621216
-0.6647999882698059
-9.92121410369873
9.528291702270508
-0.4843406677246094
1.8325963020324707
1.3199365139007568
0.5
0.703545093536377
5.0
257.5985107421875
0.5321006774902344
-0.6549999713897705
-9.817026138305664
9.536336898803711
-0.4963962435722351
1.8325963020324707
1.4507685899734497
0.5
0.6463925242424011
5.0
303.57501220703125
0.41990065574645996
-0.601099967956543
-9.628928184509277
9.626407623291016
-0.4999973773956299
1.8325963020324707
1.5699396133422852
0.5
0.5409050583839417
5.0
327.5872497558594
0.11900065839290619
-0.5422999858856201
-9.43421745300293
9.799456596374512
-0.49715888500213623
1.8325963020324707
1.6772980690002441
0.5
0.3916172683238983
5.0
335.19732666015625
-0.018699349835515022
-0.44919997453689575
-9.184475898742676
9.964479446411133
-0.48979514837265015
1.8325963020324707
1.7730882167816162
0.5
0.2894177734851837
5.0
330.8667297363281
-0.07989934831857681
-0.3413999676704407
-8.916106224060059
10.134116172790527
-0.4795382022857666
1.8325963020324707
1.8578099012374878
0.5
0.20580121874809265
5.0
318.1202087402344
-0.21249935030937195
-0.3756999671459198
-8.579266548156738
10.216233253479004
-0.46770817041397095
1.8325963020324707
1.9321088790893555
0.5
0.2114012986421585
5.0
299.6947937011719
-0.253299355506897
-0.3462999761104584
-8.28215217590332
10.330145835876465
-0.4553261399269104
1.8325963020324707
1.9966983795166016
0.5
0.19376809895038605
5.0
277.6761169433594
-0.23289935290813446
-0.31689998507499695
-7.994516372680664
10.441364288330078
-0.44314196705818176
1.8325963020324707
2.0523078441619873
0.5
0.18070948123931885
5.0
253.62283325195312
-0.3297993540763855
-0.44919997453689575
-7.655487537384033
10.439118385314941
-0.43169015645980835
1.8325963020324707
2.0996503829956055
0.5
0.25970903038978577
5.0
228.67645263671875
-0.26859936118125916
-0.4834999740123749
-7.360211372375488
10.491942405700684
-0.4213179349899292
1.8325963020324707
2.13940691947937
0.5
0.27966681122779846
5.0
203.65464782714844
-0.2226993590593338
-0.5422999858856201
-7.074587821960449
10.520045280456543
-0.4122655689716339
1.8325963020324707
2.1722187995910645
0.5
0.30963799357414246
5.0
179.1295623779297
-0.2022993564605713
-0.8019999861717224
-6.65855598449707
10.405827522277832
-0.4046301245689392
1.8325963020324707
2.1986865997314453
0.5
0.4467242956161499
5.0
155.48985290527344
-0.14109934866428375
-0.9538999795913696
-5.135118007659912
10.383142471313477
-0.3575292229652405
2.879793405532837
2.344879627227783
0.5
0.47804585099220276
4.0
241.1599578857422
-0.1665993481874466
-0.9391999840736389
-3.715623140335083
10.453902244567871
-0.30717965960502625
2.879793405532837
2.4800143241882324
0.5
0.42644625902175903
4.0
295.0986328125
-0.33999934792518616
-0.8950999975204468
-2.4090986251831055
10.488774299621582
-0.2563510537147522
2.879793405532837
2.6032586097717285
0.5
0.4163738489151001
4.0
324.81243896484375
-0.4725993573665619
-0.7333999872207642
-1.2780406475067139
10.557543754577637
-0.20716434717178345
2.879793405532837
2.7143824100494385
0.5
0.3856382966041565
4.0
336.3821105957031
-0.5337993502616882
-0.47369998693466187
-0.344762921333313
10.657686233520508
-0.16107267141342163
2.879793405532837
2.8135929107666016
0.5
0.33616799116134644
4.0
334.6885070800781
-0.594999372959137
-0.31689998507499695
0.5105521082878113
10.706927299499512
-0.11895135045051575
2.879793405532837
2.9013822078704834
0.5
0.3367305099964142
4.0
323.592529296875
-0.6357993483543396
-0.20419996976852417
1.254097819328308
10.741251945495605
-0.08122996985912323
2.879793405532837
2.9784069061279297
0.5
0.3498820662498474
4.0
306.0956115722656
-0.5541993975639343
-0.07679997384548187
1.9030381441116333
10.838974952697754
-0.04802173376083374
2.879793405532837
3.0454001426696777
0.5
0.3056597411632538
4.0
284.4880676269531
-0.6357993483543396
-0.1159999743103981
2.511715888977051
10.827960014343262
-0.019233401864767075
2.879793405532837
3.103116035461426
0.5
0.36162638664245605
4.0
260.4838562011719
-0.6459993720054626
-0.1257999688386917
3.0280306339263916
10.85975456237793
0.005350260995328426
2.879793405532837
3.1522934436798096
0.5
0.3743501901626587
4.0
235.33973693847656
-0.6408993601799011
-0.09149996936321259
3.4269280433654785
10.895153999328613
0.026010125875473022
2.879793405532837
3.1936373710632324
0.5
0.37745732069015503
4.0
209.95848083496094
-0.7632994055747986
-0.19929997622966766
3.8086912631988525
10.841270446777344
0.04305565357208252
2.879793405532837
3.227811098098755
0.5
0.44952160120010376
4.0
184.97250366210938
-0.9315993785858154
-0.28749996423721313
4.0886616706848145
10.734065055847168
0.056796468794345856
2.879793405532837
3.2554333209991455
0.5
0.547872006893158
4.0
160.81246948242188
-1.0386993885040283
-0.33649998903274536
4.3045783042907715
10.642923355102539
0.06753711402416229
2.879793405532837
3.2770817279815674
0.5
0.6106612682342529
4.0
137.76217651367188
-1.20699942111969
-0.5226999521255493
5.447906970977783
10.509420394897461
0.11705715209245682
3.9269909858703613
3.377903699874878
0.5
0.6900956630706787
6.0
192.533203125
-1.252899408340454
-0.5863999724388123
6.822292804718018
10.456645011901855
0.18062497675418854
3.9269909858703613
3.5112040042877197
0.5
0.6841516494750977
6.0
257.4815368652344
-1.2375993728637695
-0.43449997901916504
7.837050437927246
10.387917518615723
0.23594708740711212
3.9269909858703613
3.6330325603485107
0.5
0.6879449486732483
6.0
295.7163391113281
-1.1865993738174438
-0.33159998059272766
8.685139656066895
10.360758781433105
0.2829456925392151
3.9269909858703613
3.743107557296753
0.5
0.6635655760765076
6.0
313.91741943359375
-1.0080994367599487
-0.2286999672651291
9.386146545410156
10.436436653137207
0.3221029043197632
3.9269909858703613
3.8415796756744385
0.5
0.5634166598320007
6.0
317.4057922363281
-0.7530993819236755
-0.06699997186660767
9.917768478393555
10.550908088684082
0.35422003269195557
3.9269909858703613
3.9288880825042725
0.5
0.45306292176246643
6.0
310.3719177246094
-0.594999372959137
-0.037599969655275345
10.397446632385254
10.686938285827637
0.38023263216018677
3.9269909858703613
4.005643367767334
0.5
0.3548300266265869
6.0
296.06756591796875
-0.4878993630409241
0.016300030052661896
10.746685028076172
10.789451599121094
0.40108954906463623
3.9269909858703613
4.072540760040283
0.5
0.30736538767814636
6.0
276.9753723144531
-0.406299352645874
0.1437000334262848
10.954071998596191
10.828054428100586
0.4176512658596039
3.9269909858703613
4.130303859710693
0.5
0.32210999727249146
6.0
254.95849609375
-0.4878993630409241
0.17310002446174622
11.107274055480957
10.81056022644043
0.43070119619369507
3.9269909858703613
4.179647922515869
0.5
0.3825645446777344
6.0
231.39036560058594
-0.6306993961334229
0.3054000437259674
11.09365177154541
10.659515380859375
0.44089972972869873
3.9269909858703613
4.221260070800781
0.5
0.5366513729095459
6.0
207.26417541503906
-0.7326993942260742
0.4230000376701355
11.148813247680664
10.515281677246094
0.4655746817588806
4.974188804626465
4.339191913604736
0.5
0.6442312002182007
2.0
258.7355651855469
-0.7938993573188782
0.46710002422332764
11.059442520141602
10.446247100830078
0.4875216782093048
4.974188804626465
4.488569259643555
0.5
0.66339111328125
2.0
320.4114685058594
-0.7071993947029114
0.4181000292301178
10.851269721984863
10.536934852600098
0.49812421202659607
4.974188804626465
4.62578821182251
0.5
0.5478514432907104
2.0
355.6200256347656
-0.42669937014579773
0.36420002579689026
10.574173927307129
10.736045837402344
0.4996398389339447
4.974188804626465
4.7501983642578125
0.5
0.375443696975708
2.0
370.66192626953125
-0.2022993564605713
0.22700002789497375
10.281389236450195
11.001371383666992
0.49442753195762634
4.974188804626465
4.861754894256592
0.5
0.19894781708717346
2.0
370.7276916503906
-0.0237993486225605
0.10940003395080566
9.93807601928711
11.245515823364258
0.4846414625644684
4.974188804626465
4.960832118988037
0.5
0.07500380277633667
2.0
360.021484375
0.09860065579414368
0.11430002748966217
9.493096351623535
11.391558647155762
0.47208669781684875
4.974188804626465
5.048059940338135
0.5
0.05966560170054436
2.0
341.878173828125
0.13430064916610718
0.08000002801418304
9.073779106140137
11.553060531616211
0.45818978548049927
4.974188804626465
5.124202251434326
0.5
0.03888602554798126
2.0
318.8830871582031
0.19550065696239471
0.09470003098249435
8.66551685333252
11.679741859436035
0.4440286159515381
4.974188804626465
5.190073490142822
0.5
0.05008397251367569
2.0
292.9945373535156
0.27200067043304443
0.18290002644062042
8.248976707458496
11.749125480651855
0.43035629391670227
4.974188804626465
5.246486186981201
0.5
0.10685309022665024
2.0
265.6614990234375
0.27200067043304443
0.2809000313282013
7.837033271789551
11.797675132751465
0.4177214503288269
4.974188804626465
5.294219493865967
0.5
0.16700379550457
2.0
237.92970275878906
0.17000065743923187
0.4230000376701355
7.375438213348389
11.802910804748535
0.4064613878726959
4.974188804626465
5.33400821685791
0.5
0.24033525586128235
2.0
210.53477478027344
0.09860065579414368
0.73170006275177
6.812107563018799
11.69002914428711
0.39677733182907104
4.974188804626465
5.3665361404418945
0.5
0.3956529200077057
2.0
183.97825622558594
0.006800651550292969
0.9571000337600708
5.366175174713135
11.635993957519531
0.3608049750328064
6.02138614654541
5.477043628692627
0.5
0.4615176022052765
3.0
235.1231231689453
0.017000652849674225
1.0796000957489014
3.51282000541687
11.662181854248047
0.30822503566741943
6.02138614654541
5.618952751159668
0.5
0.4479147791862488
3.0
296.45501708984375
0.12920065224170685
1.0159000158309937
1.8809747695922852
11.75521183013916
0.254879355430603
6.02138614654541
5.748270511627197
0.5
0.3874618709087372
3.0
331.0433044433594
0.2822006642818451
0.7268000245094299
0.5768682360649109
11.889671325683594
0.20317275822162628
6.02138614654541
5.864731788635254
0.5
0.3075341582298279
3.0
345.5910339355469
0.4148006737232208
0.38380002975463867
-0.49198678135871887
11.999476432800293
0.15472666919231415
6.02138614654541
5.96856164932251
0.5
0.2641173303127289
3.0
345.4855651855469
0.5984006524085999
0.09960003197193146
-1.369612455368042
12.017001152038574
0.11052123457193375
6.02138614654541
6.060299873352051
0.5
0.30752381682395935
3.0
334.98968505859375
0.6341006755828857
-0.06699997186660767
-2.184798002243042
12.051758766174316
0.07101781666278839
6.02138614654541
6.140665531158447
0.5
0.3260140120983124
3.0
317.4145202636719
0.6137006878852844
-0.1208999752998352
-2.941561222076416
12.093711853027344
0.036332402378320694
6.02138614654541
6.210456371307373
0.5
0.33266016840934753
3.0
295.28143310546875
0.7259006500244141
-0.1159999743103981
-3.561990261077881
12.042630195617676
0.006349201314151287
6.02138614654541
6.270486831665039
0.5
0.415009468793869
3.0
270.47216796875
0.8585006594657898
-0.052299968898296356
-4.097470283508301
11.954263687133789
-0.01917749084532261
6.02138614654541
0.03836474195122719
0.5
0.507599949836731
3.0
244.3623504638672
0.9503006935119629
-0.013099970296025276
-4.523283958435059
11.866867065429688
-0.04056047275662422
6.02138614654541
0.081211619079113
0.5
0.5732432007789612
3.0
217.93569946289062
1.1849006414413452
0.11430002748966217
-6.340090751647949
11.636868476867676
-0.11969202756881714
0.785398006439209
0.2417353093624115
0.5
0.7405089735984802
1.0
299.7857360839844
1.3124006986618042
0.10450003296136856
-7.8030171394348145
11.439502716064453
-0.19004707038402557
0.785398006439209
0.3899034857749939
0.5
0.8406345844268799
1.0
349.76873779296875
1.246100664138794
-0.037599969655275345
-8.9270601272583
11.330721855163574
-0.25047361850738525
0.785398006439209
0.5247008800506592
0.5
0.8432787656784058
1.0
375.2718811035156
1.0676007270812988
-0.17969997227191925
-9.81482982635498
11.30782699584961
-0.30093955993652344
0.785398006439209
0.645865261554718
0.5
0.7785132527351379
1.0
382.4161376953125
0.8024007081985474
-0.243399977684021
-10.564592361450195
11.408441543579102
-0.34215348958969116
0.785398006439209
0.7536700367927551
0.5
0.6318691372871399
1.0
376.1965637207031
0.460700660943985
-0.33649998903274536
-11.14757251739502
11.583062171936035
-0.3752158582210541
0.785398006439209
0.8487266302108765
0.5
0.4593869149684906
1.0
360.6038513183594
0.24140065908432007
-0.3609999716281891
-11.614373207092285
11.74752426147461
-0.40135452151298523
0.785398006439209
0.9318304657936096
0.5
0.34089353680610657
1.0
338.7518615722656
0.11390065401792526
-0.3805999755859375
-11.951292991638184
11.870408058166504
-0.4217680096626282
0.785398006439209
1.0038522481918335
0.5
0.28137636184692383
1.0
313.01220703125
0.05270065367221832
-0.47369998693466187
-12.12295150756836
11.898694038391113
-0.43755245208740234
0.785398006439209
1.0656709671020508
0.5
0.3064548373222351
1.0
285.14886474609375
0.1751006543636322
-0.5716999769210815
-12.15235710144043
11.794307708740234
-0.44963935017585754
0.785398006439209
1.1181331872940063
0.5
0.43944767117500305
1.0
256.44073486328125
0.34340065717697144
-0.6500999927520752
-12.103943824768066
11.638032913208008
-0.45879948139190674
0.785398006439209
1.1620346307754517
0.5
0.5815249085426331
1.0
227.79196166992188
0.4454006552696228
-0.7432000041007996
-12.041008949279785
11.476283073425293
-0.4848269820213318
1.8325963020324707
1.3238437175750732
0.5
0.6872531175613403
5.0
308.1851501464844
0.43520066142082214
-0.7432000041007996
-11.77298641204834
11.446863174438477
-0.4975903332233429
1.8325963020324707
1.4725831747055054
0.5
0.6620843410491943
5.0
356.47515869140625
0.3383006751537323
-0.6207000017166138
-11.420726776123047
11.574165344238281
-0.4996645748615265
1.8325963020324707
1.607391119003296
0.5
0.5190677046775818
5.0
380.2426452636719
0.006800651550292969
-0.5569999814033508
-11.003631591796875
11.753813743591309
-0.49381721019744873
1.8325963020324707
1.7281509637832642
0.5
0.36836516857147217
5.0
385.7450256347656
-0.12069935351610184
-0.3952999711036682
-10.558625221252441
11.965853691101074
-0.48260757327079773
1.8325963020324707
1.835258960723877
0.5
0.23374761641025543
5.0
378.0583801269531
-0.16149935126304626
-0.32179996371269226
-10.01945972442627
12.108857154846191
-0.4681839942932129
1.8325963020324707
1.9294216632843018
0.5
0.18320073187351227
5.0
361.2097473144531
-0.3093993663787842
-0.31199997663497925
-9.498159408569336
12.217597007751465
-0.45222246646881104
1.8325963020324707
2.011503219604492
0.5
0.17104637622833252
5.0
338.3172302246094
-0.3501993715763092
-0.3658999800682068
-8.934542655944824
12.271369934082031
-0.4359678030014038
1.8325963020324707
2.0824222564697266
0.5
0.20989902317523956
5.0
311.7374572753906
-0.294099360704422
-0.3462999761104584
-8.439785957336426
12.372123718261719
-0.42032390832901
1.8325963020324707
2.143087387084961
0.5
0.20362050831317902
5.0
283.2080993652344
-0.36039936542510986
-0.5226999521255493
-7.8834428787231445
12.330254554748535
-0.40589529275894165
1.8325963020324707
2.1943647861480713
0.5
0.306861013174057
5.0
253.979736328125
-0.294099360704422
-0.708899974822998
-6.839199066162109
12.282145500183105
-0.3795701861381531
2.879793405532837
2.279585123062134
0.5
0.3948715329170227
4.0
265.3257751464844
-0.23289935290813446
-0.8166999816894531
-4.861659526824951
12.299205780029297
-0.3232657313346863
2.879793405532837
2.4385504722595215
0.5
0.40440109372138977
4.0
333.5341491699219
-0.334899365901947
-0.8509999513626099
-2.9954729080200195
12.324091911315918
-0.2647106945514679
2.879793405532837
2.583662748336792
0.5
0.40528690814971924
4.0
372.1241760253906
-0.4776993691921234
-0.7137999534606934
-1.3927761316299438
12.38780689239502
-0.2071559727191925
2.879793405532837
2.7144007682800293
0.5
0.38219666481018066
4.0
388.3256530761719
-0.5133993625640869
-0.3854999840259552
-0.07900988310575485
12.518804550170898
-0.15285110473632812
2.879793405532837
2.830911636352539
0.5
0.3084658086299896
4.0
388.069580078125
-0.6204993724822998
-0.2580999732017517
1.1424596309661865
12.534432411193848
-0.10316214710474014
2.879793405532837
2.933774948120117
0.5
0.3433624804019928
4.0
376.121337890625
-0.6255993843078613
-0.1208999752998352
2.1936919689178467
12.586697578430176
-0.05875289440155029
2.879793405532837
3.023812770843506
0.5
0.343648225069046
4.0
356.2186279296875
-0.594999372959137
-0.013099970296025276
3.101227283477783
12.64120101928711
-0.019814565777778625
2.879793405532837
3.1019527912139893
0.5
0.33573493361473083
4.0
331.2216491699219
-0.6255993843078613
-0.04739997163414955
3.9400763511657715
12.65614128112793
0.013773169368505478
2.879793405532837
3.1691431999206543
0.5
0.3659217357635498
4.0
303.26605224609375
-0.7071993947029114
-0.037599969655275345
4.586283206939697
12.627172470092773
0.04230303317308426
2.879793405532837
3.2263004779815674
0.5
0.42465871572494507
4.0
273.9073486328125
-0.7071993947029114
-0.08169996738433838
5.184761047363281
12.646920204162598
0.0661507174372673
2.879793405532837
3.274284839630127
0.5
0.4286896586418152
4.0
244.24929809570312
-0.9672994017601013
-0.20909997820854187
5.646054267883301
12.476325988769531
0.08572366088628769
2.879793405532837
3.313891887664795
0.5
0.5815803408622742
4.0
215.0542449951172
-1.1406993865966797
-0.45409998297691345
6.657086372375488
12.360249519348145
0.12227645516395569
3.9269909858703613
3.388653516769409
0.5
0.657532811164856
6.0
227.49310302734375
-1.217199444770813
-0.4785999655723572
8.34148120880127
12.275964736938477
0.19304122030735016
3.9269909858703613
3.537980556488037
0.5
0.681710422039032
6.0
297.17938232421875
-1.3293993473052979
-0.43449997901916504
9.658010482788086
12.152864456176758
0.25367844104766846
3.9269909858703613
3.673717975616455
0.5
0.7392542362213135
6.0
337.0987854003906
-1.1661994457244873
-0.30709996819496155
10.704732894897461
12.197660446166992
0.3041914403438568
3.9269909858703613
3.795626163482666
0.5
0.6462937593460083
6.0
354.7598571777344
-0.9009993672370911
-0.1306999772787094
11.499030113220215
12.30803108215332
0.3453312814235687
3.9269909858703613
3.904005765914917
0.5
0.5234342813491821
6.0
356.1902160644531
-0.7071993947029114
-0.07189997285604477
12.1521577835083
12.447555541992188
0.37823379039764404
3.9269909858703613
3.999495267868042
0.5
0.4091026484966278
6.0
346.145751953125
-0.5286993384361267
0.031000029295682907
12.609457015991211
12.564132690429688
0.4041620194911957
3.9269909858703613
4.082913875579834
0.5
0.338859885931015
6.0
328.3048400878906
-0.4215993583202362
0.17800003290176392
12.876693725585938
12.597015380859375
0.42435210943222046
3.9269909858703613
4.155152320861816
0.5
0.3487076163291931
6.0
305.4541015625
-0.5133993625640869
0.24660003185272217
13.023294448852539
12.53476619720459
0.43990933895111084
3.9269909858703613
4.217105388641357
0.5
0.4360845983028412
6.0
279.6610107421875
-0.7326993942260742
0.36420002579689026
13.053635597229004
12.335641860961914
0.46038782596588135
4.974188804626465
4.311697483062744
0.5
0.6134483218193054
2.0
292.3894958496094
-0.8142994046211243
0.5161000490188599
12.902531623840332
12.178832054138184
0.48645126819610596
4.974188804626465
4.479065895080566
0.5
0.7075222730636597
2.0
360.84661865234375
-0.7734993696212769
0.5014000535011292
12.556815147399902
12.216279029846191
0.4983986020088196
4.974188804626465
4.632567882537842
0.5
0.6258115768432617
2.0
399.60198974609375
-0.4929993748664856
0.3936000466346741
12.142613410949707
12.44580078125
0.49912506341934204
4.974188804626465
4.771356582641602
0.5
0.4092124402523041
2.0
415.62823486328125
-0.1665993481874466
0.24170003831386566
11.686424255371094
12.745735168457031
0.49164891242980957
4.974188804626465
4.895380020141602
0.5
0.19554463028907776
2.0
414.775634765625
0.006800651550292969
0.1486000269651413
11.109353065490723
12.974282264709473
0.478724867105484
4.974188804626465
5.005122661590576
0.5
0.09381397068500519
2.0
401.838134765625
0.09350065141916275
0.04570002853870392
10.518128395080566
13.194854736328125
0.4626382291316986
4.974188804626465
5.101382732391357
0.5
0.019825119525194168
2.0
380.6355285644531
0.2465006560087204
0.1388000249862671
9.838432312011719
13.276473045349121
0.4451587200164795
4.974188804626465
5.1851067543029785
0.5
0.07402636110782623
2.0
354.125
0.2618006467819214
0.153500035405159
9.215511322021484
13.39225959777832
0.4275834262371063
4.974188804626465
5.2572832107543945
0.5
0.09122849255800247
2.0
324.5328063964844
0.21590065956115723
0.2662000358104706
8.548800468444824
13.435554504394531
0.4108197093009949
4.974188804626465
5.318877696990967
0.5
0.15773040056228638
2.0
293.4883117675781
0.21590065956115723
0.47200003266334534
7.865078926086426
13.402968406677246
0.3954760432243347
4.974188804626465
5.370800018310547
0.5
0.2682311534881592
2.0
262.15069580078125
0.03740065172314644
0.7905000448226929
7.044769287109375
13.296265602111816
0.3819328844547272
4.974188804626465
5.413891315460205
0.5
0.40696969628334045
2.0
231.32025146484375
-0.095199353992939
1.0698000192642212
4.623429775238037
13.27238941192627
0.3251165747642517
6.02138614654541
5.57528018951416
0.5
0.4426238238811493
3.0
310.41656494140625
0.04250065237283707
1.128600001335144
2.4494214057922363
13.32796859741211
0.26582223176956177
6.02138614654541
5.722634315490723
0.5
0.4132598042488098
3.0
356.9189453125
0.16490066051483154
0.8787000179290771
0.6379058957099915
13.489970207214355
0.20742912590503693
6.02138614654541
5.85539436340332
0.5
0.30684566497802734
3.0
378.7948913574219
0.3026006519794464
0.5161000490188599
-0.8458078503608704
13.633516311645508
0.1522846519947052
6.02138614654541
5.973695278167725
0.5
0.2404751032590866
3.0
382.5448303222656
0.5066006779670715
0.22700002789497375
-2.096588611602783
13.664177894592285
0.10181258618831635
6.02138614654541
6.078123092651367
0.5
0.28278329968452454
3.0
373.37188720703125
0.5474006533622742
0.0016000298783183098
-3.1924307346343994
13.718921661376953
0.056711290031671524
6.02138614654541
6.169516563415527
0.5
0.2934229373931885
3.0
355.3467712402344
0.690200686454773
-0.09639997035264969
-4.119400501251221
13.655983924865723
0.01717693731188774
6.02138614654541
6.248824596405029
0.5
0.38813599944114685
3.0
331.57940673828125
0.7922006845474243
-0.027799971401691437
-4.9988484382629395
13.589742660522461
-0.016911132261157036
6.02138614654541
0.033829156309366226
0.5
0.46666741371154785
3.0
304.3905944824219
1.10330069065094
0.06040003150701523
-6.231020450592041
13.340221405029297
-0.06678848713636398
0.785398006439209
0.13397817313671112
0.5
0.6750253438949585
1.0
315.50604248046875
1.2410006523132324
0.07510003447532654
-8.303963661193848
13.13605785369873
-0.1507701426744461
0.785398006439209
0.30630865693092346
0.5
0.7927797436714172
1.0
382.2464294433594
1.3430006504058838
0.031000029295682907
-9.934706687927246
12.933316230773926
-0.22375833988189697
0.785398006439209
0.46399229764938354
0.5
0.884484589099884
1.0
419.05584716796875
1.2053006887435913
-0.10129997134208679
-11.183303833007812
12.869267463684082
-0.28487637639045715
0.785398006439209
0.6062175631523132
0.5
0.8392557501792908
1.0
432.9987487792969
0.8840006589889526
-0.2776999771595001
-12.115200996398926
12.931425094604492
-0.33455097675323486
0.785398006439209
0.7330130338668823
0.5
0.7003230452537537
1.0
430.0303955078125
0.5423006415367126
-0.32669997215270996
-12.88650894165039
13.11214542388916
-0.37396812438964844
0.785398006439209
0.8449580669403076
0.5
0.5059230923652649
1.0
415.034912109375
0.30770066380500793
-0.4050999879837036
-13.400809288024902
13.2395601272583
-0.40464091300964355
0.785398006439209
0.9429426789283752
0.5
0.40591832995414734
1.0
391.89642333984375
0.09860065579414368
-0.5226999521255493
-13.717845916748047
13.332839012145996
-0.4281265139579773
0.785398006439209
1.02799391746521
0.5
0.3559225797653198
1.0
363.60955810546875
0.07310065627098083
-0.5422999858856201
-13.926526069641113
13.370970726013184
-0.4458610415458679
0.785398006439209
1.1011651754379272
0.5
0.36321547627449036
1.0
332.4149475097656
0.24140065908432007
-0.6157999634742737
-13.923259735107422
13.235434532165527
-0.4590868651866913
0.785398006439209
1.1634728908538818
0.5
0.5060358047485352
1.0
299.9408264160156
0.3689006567001343
-0.8019999861717224
-13.74850845336914
13.001297950744629
-0.4818395674228668
1.8325963020324707
1.3004602193832397
0.5
0.690626323223114
5.0
343.859375
0.47090065479278564
-0.8068999648094177
-13.33522891998291
12.904654502868652
-0.4972420334815979
1.8325963020324707
1.4658929109573364
0.5
0.7195349931716919
5.0
397.2859191894531
0.2975006699562073
-0.6794999837875366
-12.827028274536133
13.05798625946045
-0.4994886517524719
1.8325963020324707
1.615648627281189
0.5
0.5439010262489319
5.0
423.35150146484375
-0.018699349835515022
-0.5765999555587769
-12.201934814453125
13.255842208862305
-0.492026150226593
1.8325963020324707
1.7495248317718506
0.5
0.37405526638031006
5.0
428.9775695800781
-0.19209936261177063
-0.4197999835014343
-11.52199935913086
13.46992301940918
-0.4780759811401367
1.8325963020324707
1.8679828643798828
0.5
0.2388467639684677
5.0
419.861328125
-0.2889993488788605
-0.2629999816417694
-10.825675964355469
13.676780700683594
-0.4603128135204315
1.8325963020324707
1.971874475479126
0.5
0.137870192527771
5.0
400.5577392578125
-0.41649937629699707
-0.31689998507499695
-10.02567195892334
13.735830307006836
-0.44082528352737427
1.8325963020324707
2.0622379779815674
0.5
0.17733599245548248
5.0
374.6005554199219
-0.46749937534332275
-0.3756999671459198
-9.24988842010498
13.780130386352539
-0.42111384868621826
1.8325963020324707
2.140162706375122
0.5
0.2252088487148285
5.0
344.6518249511719
-0.37569937109947205
-0.43449997901916504
-8.481963157653809
13.822763442993164
-0.40225958824157715
1.8325963020324707
2.206712245941162
0.5
0.26111462712287903
5.0
312.66082763671875
-0.32469937205314636
-0.6746000051498413
-6.548767566680908
13.750116348266602
-0.356623113155365
2.879793405532837
2.3474583625793457
0.5
0.3749665319919586
4.0
356.5214538574219
-0.334899365901947
-0.7480999827384949
-4.171814918518066
13.779075622558594
-0.2926863729953766
2.879793405532837
2.5162508487701416
0.5
0.3833618760108948
4.0
409.56170654296875
-0.4215993583202362
-0.6255999803543091
-2.05196475982666
13.862748146057129
-0.22761613130569458
2.879793405532837
2.668950080871582
0.5
0.34260791540145874
4.0
434.9815979003906
-0.5541993975639343
-0.45899996161460876
-0.1841176450252533
13.911385536193848
-0.1649654507637024
2.879793405532837
2.805356025695801
0.5
0.3420540988445282
4.0
439.7725524902344
-0.60519939661026
-0.22379997372627258
1.4013065099716187
13.976105690002441
-0.10698024928569794
2.879793405532837
2.9259612560272217
0.5
0.33007389307022095
4.0
429.7079772949219
-0.5898993611335754
-0.052299968898296356
2.7971906661987305
14.038158416748047
-0.05485522001981735
2.879793405532837
3.031660795211792
0.5
0.3207741677761078
4.0
409.4097595214844
-0.5847993493080139
0.021200031042099
4.027506351470947
14.078221321105957
-0.009026831015944481
2.879793405532837
3.12353777885437
0.5
0.3337983191013336
4.0
382.4624328613281
-0.6000993847846985
-0.003299970179796219
5.114429473876953
14.10050106048584
0.030546320602297783
2.879793405532837
3.202723503112793
0.5
0.3579060435295105
4.0
351.5623474121094
-0.6867993474006653
0.031000029295682907
5.943826198577881
14.055519104003906
0.06418248265981674
2.879793405532837
3.270315170288086
0.5
0.42527568340301514
4.0
318.67822265625
-0.8244993686676025
-0.10129997134208679
6.722517490386963
13.974782943725586
0.09233837574720383
2.879793405532837
3.3273372650146484
0.5
0.5061161518096924
4.0
285.2048645019531
-0.9978994131088257
-0.2776999771595001
7.394681930541992
13.861302375793457
0.11551281809806824
2.879793405532837
3.3747243881225586
0.5
0.5946277976036072
4.0
252.0997314453125
-1.1100994348526
-0.4148999750614166
9.010972023010254
13.774271965026855
0.17464397847652435
3.9269909858703613
3.498405933380127
0.5
0.6331798434257507
6.0
296.95330810546875
-1.2477993965148926
-0.5030999779701233
10.778938293457031
13.68238639831543
0.2436843365430832
3.9269909858703613
3.650676965713501
0.5
0.6682995557785034
6.0
351.16400146484375
-1.1763993501663208
-0.3952999711036682
12.088765144348145
13.687232971191406
0.30095893144607544
3.9269909858703613
3.787506580352783
0.5
0.6197679042816162
6.0
378.02447509765625
-0.8907994031906128
-0.19439996778964996
13.067625999450684
13.814504623413086
0.34717267751693726
3.9269909858703613
3.909120798110962
0.5
0.4862878918647766
6.0
384.818603515625
-0.7632994055747986
-0.05719996988773346
13.753280639648438
13.865081787109375
0.38364362716674805
3.9269909858703613
4.016211032867432
0.5
0.4485706686973572
6.0
377.3421936035156
-0.6153993606567383
0.0065000299364328384
14.27962875366211
13.975279808044434
0.41190871596336365
3.9269909858703613
4.109716415405273
0.5
0.37396174669265747
6.0
360.1014709472656
-0.5286993384361267
0.18290002644062042
14.528182029724121
13.964542388916016
0.4334745407104492
3.9269909858703613
4.190673351287842
0.5
0.41061654686927795
6.0
336.5179443359375
-0.7530993819236755
0.34950003027915955
14.515624046325684
13.721900939941406
0.4497249722480774
3.9269909858703613
4.2601213455200195
0.5
0.625373125076294
6.0
309.1292724609375
-0.9672994017601013
0.47200003266334534
14.421911239624023
13.510210037231445
0.48211950063705444
4.974188804626465
4.444183826446533
0.5
0.7623106837272644
2.0
387.6390686035156
-0.8703993558883667
0.5553000569343567
13.96564769744873
13.491353988647461
0.49754440784454346
4.974188804626465
4.613293170928955
0.5
0.7068066596984863
2.0
432.8985900878906
-0.6306993961334229
0.4524000287055969
13.381559371948242
13.700318336486816
0.4992663860321045
4.974188804626465
4.766236305236816
0.5
0.4914846420288086
2.0
452.48779296875
-0.253299355506897
0.18780003488063812
12.82085132598877
14.099860191345215
0.4909518361091614
4.974188804626465
4.902823448181152
0.5
0.17815859615802765
2.0
452.9034118652344
0.006800651550292969
0.1437000334262848
12.014604568481445
14.314754486083984
0.4759797751903534
4.974188804626465
5.023559093475342
0.5
0.09024189412593842
2.0
439.55267333984375
0.14450065791606903
0.011400029994547367
11.240711212158203
14.563220977783203
0.4571613073348999
4.974188804626465
5.129349708557129
0.5
-0.0033045364543795586
2.0
416.7848205566406
0.16490066051483154
0.055500030517578125
10.33152961730957
14.67133903503418
0.43663275241851807
4.974188804626465
5.221287250518799
0.5
0.030694833025336266
2.0
387.980712890625
0.2822006642818451
0.21230003237724304
9.42599868774414
14.692096710205078
0.41599032282829285
4.974188804626465
5.300509452819824
0.5
0.12988314032554626
2.0
355.6835632324219
0.14960065484046936
0.4181000292301178
8.445297241210938
14.677732467651367
0.39629465341567993
4.974188804626465
5.368117809295654
0.5
0.2340603470802307
2.0
321.7469482421875
-0.02889934927225113
0.751300036907196
7.378368377685547
14.580586433410645
0.37828096747398376
4.974188804626465
5.425139904022217
0.5
0.3753141462802887
2.0
287.47906494140625
-0.05439934879541397
1.1090000867843628
4.50745964050293
14.514877319335938
0.3160398304462433
6.02138614654541
5.598940372467041
0.5
0.45444199442863464
3.0
362.71722412109375
0.011900652199983597
1.0355000495910645
2.0074408054351807
14.660422325134277
0.2511121332645416
6.02138614654541
5.757011890411377
0.5
0.3506513237953186
3.0
404.8968505859375
0.13430064916610718
0.7856000661849976
-0.14834490418434143
14.830289840698242
0.1874791383743286
6.02138614654541
5.898827075958252
0.5
0.251472532749176
3.0
422.1370849609375
0.3740006685256958
0.47200003266334534
-1.9158341884613037
14.901366233825684
0.12782545387744904
6.02138614654541
6.02466344833374
0.5
0.2573264241218567
3.0
421.1439208984375
0.4862006604671478
0.10940003395080566
-3.3647944927215576
14.970783233642578
0.07367557287216187
6.02138614654541
6.135295391082764
0.5
0.26450902223587036
3.0
407.30999755859375
0.5984006524085999
-0.04739997163414955
-4.654383659362793
14.950990676879883
0.025705557316541672
6.02138614654541
6.231750965118408
0.5
0.33314645290374756
3.0
384.8487854003906
0.8177006840705872
-0.06699997186660767
-5.757663249969482
14.816438674926758
-0.015979614108800888
6.02138614654541
0.0319652333855629
0.5
0.4819885492324829
3.0
356.9593200683594
1.0421006679534912
0.021200031042099
-7.333335876464844
14.621310234069824
-0.07255128771066666
0.785398006439209
0.14561791718006134
0.5
0.6436372399330139
1.0
366.09228515625
1.2818007469177246
0.09960003197193146
-9.731439590454102
14.3550443649292
-0.16201095283031464
0.785398006439209
0.3299802243709564
0.5
0.8170450329780579
1.0
430.0898742675781
1.3328007459640503
0.03590003028512001
-11.574749946594238
14.181506156921387
-0.23884785175323486
0.785398006439209
0.4980398714542389
0.5
0.8767945170402527
1.0
463.4367370605469
1.1594007015228271
-0.14539997279644012
-12.909754753112793
14.124256134033203
-0.3021961450576782
0.785398006439209
0.649008572101593
0.5
0.8254435658454895
1.0
473.4067077636719
0.7973006963729858
-0.2629999816417694
-13.943211555480957
14.254965782165527
-0.3527207672595978
0.785398006439209
0.7830575108528137
0.5
0.6374242305755615
1.0
466.21173095703125
0.4250006675720215
-0.3805999755859375
-14.669465065002441
14.433716773986816
-0.39195430278778076
0.785398006439209
0.9009595513343811
0.5
0.4622974693775177
1.0
446.9688720703125
0.18020065128803253
-0.45899996161460876
-15.145951271057129
14.571676254272461
-0.4217543601989746
0.785398006439209
1.0038015842437744
0.5
0.3646591603755951
1.0
419.7372741699219
0.07820065319538116
-0.5814999938011169
-15.357769966125488
14.587742805480957
-0.44395455718040466
0.785398006439209
1.092786431312561
0.5
0.3881269097328186
1.0
387.6226501464844
0.1547006517648697
-0.6794999837875366
-15.369606971740723
14.479954719543457
-0.4601951241493225
0.785398006439209
1.169112205505371
0.5
0.4993179142475128
1.0
352.9212341308594
0.43520066142082214
-0.7774999737739563
-15.122957229614258
14.220002174377441
-0.48417454957962036
1.8325963020324707
1.3186017274856567
0.5
0.7050994038581848
5.0
393.88873291015625
0.3536006510257721
-0.8313999772071838
-14.548069953918457
14.168999671936035
-0.49855837225914
1.8325963020324707
1.4949852228164673
0.5
0.6856575608253479
5.0
443.7832336425781
0.20570066571235657
-0.6794999837875366
-13.8142728805542
14.330142974853516
-0.4982617199420929
1.8325963020324707
1.6540534496307373
0.5
0.5098774433135986
5.0
465.81854248046875
-0.33999934792518616
0.11920002847909927
1.476191759109497
1.4613454341888428
0.1767766922712326
3.9269909858703613
3.9269909858703613
0.25
0.27513420581817627
6.0
-0.0010395123390480876
-0.14109934866428375
-0.14539997279644012
0.5120317935943604
0.6054665446281433
0.3535533845424652
3.9269909858703613
3.9269909858703613
0.5
0.022318795323371887
6.0
-0.0006536831497214735
-0.1308993548154831
-0.06699997186660767
0.5753504037857056
0.7173329591751099
0.3535533845424652
3.9269909858703613
3.9269909858703613
0.5
0.052708618342876434
6.0
-0.00020181862055324018
-0.1512993574142456
-0.03269997239112854
0.6517337560653687
0.8223461508750916
0.3535533845424652
3.9269909858703613
3.9269909858703613
0.5
0.08201438933610916
6.0
0.00013311131624504924
-0.24819935858249664
-0.10129997134208679
0.7734197974205017
0.9176775217056274
0.3535533845424652
3.9269909858703613
3.9269909858703613
0.5
0.1120748445391655
6.0
0.00038136725197546184
-0.18189935386180878
-0.027799971401691437
0.8388476371765137
1.040848731994629
0.3535533845424652
3.9269909858703613
3.9269909858703613
0.5
0.10402916371822357
6.0
0.0005653788684867322
-0.19209936261177063
0.0016000298783183098
0.9079317450523376
1.1357247829437256
0.3535533845424652
3.9269909858703613
3.9269909858703613
0.5
0.1244567483663559
6.0
0.0007017715834081173
-0.2736993730068207
-0.05719996988773346
1.0122692584991455
1.2198235988616943
0.3535533845424652
3.9269909858703613
3.9269909858703613
0.5
0.14928454160690308
6.0
0.0008028682204894722
-0.294099360704422
0.016300030052661896
1.0324405431747437
1.266180396080017
0.3535533845424652
3.9269909858703613
3.9269909858703613
0.5
0.19706934690475464
6.0
0.00087780284229666
-0.2583993673324585
0.031000029295682907
1.1144477128982544
1.3815841674804688
0.3535533845424652
3.9269909858703613
3.9269909858703613
0.5
0.18100996315479279
6.0
0.000933345640078187
-0.28389936685562134
-0.003299970179796219
1.2087461948394775
1.4766833782196045
0.3535533845424652
3.9269909858703613
3.9269909858703613
0.5
0.18126152455806732
6.0
0.0009745149873197079
-0.334899365901947
0.021200031042099
1.245691180229187
1.517109751701355
0.3535533845424652
3.9269909858703613
3.9269909858703613
0.5
0.22565242648124695
6.0
0.0010050303535535932
-0.3093993663787842
0.06040003150701523
1.299349069595337
1.6040587425231934
0.3535533845424652
3.9269909858703613
3.9269909858703613
0.5
0.22771073877811432
6.0
0.0010276488028466702
-0.3501993715763092
0.021200031042099
1.3818929195404053
1.6791887283325195
0.3535533845424652
3.9269909858703613
3.9269909858703613
0.5
0.2355048656463623
6.0
0.0010444141225889325
